Total Points: 100

-697 460
522 845
853 -860
-9 -230
-780 -823
200 655
-254 -50
-519 734
-831 624
694 502
-819 785
565 588
-69 17
-477 522
884 -967
-860 265
173 -128
-962 420
-808 769
731 778
691 -721
-637 -654
624 -717
-832 397
-286 -87
809 609
-70 -498
774 937
804 604
560 684
280 739
-617 496
-675 758
-54 -35
149 -465
-660 -831
-732 160
737 -795
469 -903
165 8
905 -825
634 -774
-481 -594
-569 531
-572 720
-881 768
508 534
309 -346
780 -867
893 845
-263 -225
355 -163
-693 276
133 -108
115 104
646 470
232 762
706 -971
-810 -521
-876 503
4 165
285 -456
625 607
149 -157
-273 -330
-47 -90
-946 154
272 -49
-718 -610
-665 725
38 -328
778 -468
161 -318
150 -266
526 797
828 -772
-132 -95
-835 676
-397 275
-758 -704
674 -623
85 -296
333 -292
-897 -963
-77 -325
-340 -454
574 921
-852 412
172 884
-494 551
-469 659
-987 642
-621 -874
800 -782
876 -837
613 1000
823 -566
48 -257
169 818

