Total Points: 10000

-36 119
816 585
-957 -983
684 -412
-955 434
575 705
353 -582
-101 410
-184 99
-136 104
516 -491
471 524
679 842
200 -107
695 516
267 -78
400 -240
-124 -128
927 620
75 342
-291 4
633 571
194 -200
826 569
165 159
615 -696
171 387
-682 427
-789 635
-934 -706
-610 503
-634 313
123 291
343 3
562 -732
906 -704
296 107
140 -212
-790 244
18 120
859 -351
-871 521
802 -58
47 333
291 -67
104 97
2 -192
453 -272
46 291
951 550
907 396
-16 -118
773 421
287 52
-182 212
-836 223
-949 729
322 -371
-634 -770
-198 445
614 638
-231 57
9 14
-691 226
56 -108
-608 -868
306 216
863 -590
142 431
284 158
846 -440
-848 195
-804 260
-242 415
-738 400
905 -312
814 -99
143 42
445 -163
355 -355
807 -545
-40 -245
-762 354
641 757
900 -284
-148 -204
786 677
766 -328
-618 452
527 802
-237 175
-705 150
-297 229
-140 74
636 833
239 242
-128 -94
-170 395
858 -277
875 244
608 -607
-312 -1
-431 181
36 465
904 -725
762 -752
814 949
102 133
909 -176
-700 300
-644 507
906 -208
-896 531
623 -190
621 -349
688 -99
997 479
563 348
733 923
660 860
-662 431
499 -454
-774 143
337 87
61 324
526 331
-752 112
85 -189
-319 230
13 77
-932 -794
-171 148
929 836
-6 449
906 370
989 -459
229 -85
470 -601
886 660
559 -523
722 572
709 251
-951 406
-649 483
-636 -771
-616 252
632 595
-763 -791
-905 -883
917 783
843 -278
608 664
800 657
-102 276
-874 762
639 291
884 -665
-693 -947
936 -452
-364 -60
-824 423
-244 -48
-256 297
-208 -211
-836 793
37 -64
586 -486
-64 46
271 65
-209 211
-788 392
523 -384
632 -93
690 960
711 -292
-698 -951
809 696
483 -700
-802 273
897 774
-411 130
444 -189
-845 176
607 -690
-192 470
-3 -130
254 -92
719 297
-163 32
815 308
565 -205
-971 692
838 -254
-951 248
493 -269
-66 46
-191 428
639 -671
643 625
-997 418
798 389
819 -710
682 382
-704 175
762 -328
-87 -99
919 -537
10 45
-250 356
-107 -181
541 -207
33 60
541 -622
-873 497
-830 222
584 -201
-59 133
-809 -701
851 233
-696 511
501 762
46 265
502 -641
930 632
814 -684
857 -753
738 -139
-148 49
969 649
-22 -10
762 828
680 772
482 434
702 587
-694 542
316 -307
-252 -82
-973 -806
734 965
888 355
-948 298
876 529
35 347
602 -98
-338 118
290 209
468 615
-310 20
481 -439
-304 317
927 873
676 719
990 370
340 161
496 540
-230 380
-101 148
-822 576
458 -267
-253 94
520 536
500 -251
303 91
-885 123
-951 -838
920 825
600 -391
-129 260
717 -305
849 710
894 -569
-802 -813
-753 565
-131 -173
822 358
-310 1
-899 487
-108 71
531 798
758 -434
-144 300
-163 -144
864 -587
402 -488
-603 255
339 190
943 274
572 716
674 -731
-827 -619
533 750
-141 152
548 -484
-200 -124
12 140
-832 -887
-727 -674
-966 532
-838 -712
-952 759
479 449
198 -100
-199 402
332 -378
957 368
748 330
984 382
260 210
160 186
47 -103
662 773
457 -658
975 632
573 380
-259 140
971 -498
972 -197
597 -76
772 -59
933 -721
-299 348
-288 -134
869 808
-965 142
74 82
-685 567
925 301
83 22
-850 82
302 4
-816 -929
59 246
820 684
514 702
915 509
54 194
892 -706
-167 -96
-22 -197
145 93
641 -259
402 -353
645 692
-191 -218
132 47
-654 212
418 585
315 -323
693 -676
-22 -119
92 29
-90 507
931 217
521 -712
743 -154
895 637
861 -361
716 958
-768 331
42 -237
913 -562
427 -396
753 -686
-291 272
557 338
-155 81
162 116
580 591
-733 611
768 231
597 -189
148 251
-797 -788
-883 724
-581 458
861 -563
572 476
-840 53
-874 -792
675 317
425 -108
785 795
-708 425
-810 -916
52 311
623 832
846 912
-775 -785
-619 308
881 781
560 -378
-682 619
989 679
-228 123
-726 -745
408 -185
715 -232
459 -670
704 937
709 -286
351 -368
-724 694
134 425
-93 356
831 395
978 354
-60 226
-729 -796
631 321
104 377
591 415
923 714
563 -494
543 489
701 736
485 -420
502 -68
802 904
349 181
534 -217
752 953
837 344
-834 470
-270 -15
-787 190
572 -30
-965 69
696 556
-759 234
859 437
708 657
-708 -930
-793 322
216 222
980 -539
385 -177
427 -132
950 836
-754 213
-133 181
-882 86
732 286
-830 -685
641 642
-621 549
660 806
465 -512
-806 573
728 -192
-168 394
-713 486
-227 370
140 210
30 -187
-985 -860
-751 138
983 -313
208 -174
637 -678
820 943
465 444
716 -722
-937 122
889 -229
984 -418
423 -384
798 338
682 -389
829 -607
-734 342
995 588
868 322
915 593
-886 534
330 73
-914 517
-578 490
198 -85
-842 553
-912 -800
-650 278
-73 -34
26 83
-117 46
637 453
-918 678
739 -360
283 -93
355 -474
90 -96
-686 354
-735 163
759 935
883 -114
-21 -198
775 699
811 435
965 -132
377 -412
-680 -966
251 -136
137 184
-786 514
500 -257
-995 390
-363 62
934 -664
693 -165
-120 377
786 -781
294 -329
317 -293
346 40
-859 572
315 67
-172 -167
-195 376
705 -405
586 288
594 802
550 846
760 -789
-846 -944
414 -603
452 -478
-982 -604
933 604
-819 -651
213 401
-906 722
516 -520
364 -260
-605 560
631 683
-986 568
699 -616
461 588
-190 469
565 -54
937 -178
-897 -821
-692 -940
-941 380
514 843
-359 76
-810 -664
802 -746
620 418
-676 381
-731 -907
886 721
951 449
641 -22
799 429
826 286
-869 -743
987 354
130 101
-285 48
686 -172
-814 143
145 282
46 423
657 927
-724 -676
-943 794
-762 -755
561 -787
-719 435
-561 443
451 598
-848 -713
761 680
-863 196
-120 -133
-310 109
611 504
-670 256
-711 189
742 -518
-325 -18
187 -47
327 235
761 -97
735 -702
354 -624
611 -657
818 537
787 -530
130 68
-728 619
832 748
543 -483
912 -187
534 337
-14 95
745 327
876 688
-974 -895
953 271
946 539
718 -465
-966 692
993 -531
869 -190
913 -146
334 86
136 183
-727 333
963 383
-760 388
-366 50
61 -234
658 -327
-215 371
713 746
107 -100
155 129
-38 223
-961 -776
-145 415
623 675
982 694
798 227
-144 361
-937 -748
-928 -737
48 253
-19 123
679 -669
565 324
-852 -895
127 -215
469 -443
819 818
628 -155
820 664
-338 -20
-277 355
-12 -114
-689 261
437 488
-972 705
667 -380
-816 584
502 -691
710 -207
513 -599
687 -710
648 -631
183 -144
-2 -127
170 75
861 -666
-854 121
-893 526
336 -242
928 465
834 443
-634 -845
-883 687
-872 497
806 379
821 477
-976 655
878 -161
821 277
875 311
246 59
-781 580
-806 -658
559 -222
1000 561
116 292
-44 -274
-771 606
936 473
373 -178
-792 708
-359 340
625 344
953 712
572 492
968 -276
962 682
-144 -104
-42 -190
-400 -19
-273 18
480 -221
-967 154
-919 614
252 -140
-212 412
910 -530
-713 516
317 -371
-806 117
948 839
-898 -825
832 -318
-266 217
-967 239
950 257
-678 479
592 -583
144 -42
-285 26
-903 612
854 307
-250 229
-968 443
-183 -200
303 -387
766 -335
7 279
-399 173
458 584
532 -513
-417 115
838 -643
914 395
-920 453
-259 -206
487 739
-708 460
-654 185
596 798
899 -480
639 -536
-981 492
58 481
-970 554
482 -448
542 -318
629 681
-398 115
-9 475
649 309
264 26
602 -676
616 402
-80 -52
849 -128
581 -117
-661 215
-67 414
734 753
-655 294
938 418
-677 711
586 910
100 32
857 672
927 758
-158 318
751 277
746 402
398 -363
-695 -790
-645 422
-298 243
-67 38
694 799
-987 47
827 595
-314 36
-727 417
909 472
590 535
14 -193
185 -9
172 -179
100 -140
-74 45
662 -670
423 537
836 858
-844 221
-102 -180
-990 -778
-778 222
105 89
279 352
886 -650
-781 144
-324 134
-916 127
939 332
701 873
-896 488
131 -205
472 -559
-938 603
972 676
-988 200
329 -278
-247 374
-898 -808
487 -704
665 -288
570 811
174 446
-756 640
-571 -893
629 -154
-304 354
-865 310
208 183
-674 234
192 91
663 -582
752 -511
-886 625
235 405
690 -655
318 -313
829 882
666 291
-244 437
520 -720
-879 156
741 942
751 652
322 -321
706 571
590 805
321 41
212 407
-584 402
806 348
779 428
937 737
196 158
-313 212
819 -100
-998 455
694 -122
-641 -934
563 398
863 622
407 -310
290 278
757 -284
216 120
881 -357
-986 -848
809 733
546 -119
79 -47
880 -84
-927 -628
-797 68
924 -472
-574 525
398 -547
-263 -175
-811 731
42 -151
509 534
268 72
245 392
-717 463
166 240
933 -367
-939 657
864 -569
-648 -791
-361 119
942 -470
767 -85
-707 598
-125 107
799 321
-749 670
183 332
756 770
-874 711
-683 683
609 863
78 378
885 302
-560 -956
610 -256
-24 -52
753 698
-986 -608
477 433
923 405
381 -517
502 -223
634 -786
33 382
540 812
156 141
681 498
-391 278
106 -254
-127 486
190 67
692 928
761 -112
626 -530
495 680
487 639
998 245
723 -270
-594 269
-9 -150
420 627
5 168
-596 415
-804 -846
255 175
-975 487
972 324
848 545
535 -510
889 -303
-339 39
-962 -644
-349 -49
703 -519
-194 -142
789 -550
504 739
730 553
-623 371
-925 622
-689 332
-849 -702
-915 163
-191 -92
-325 -84
772 -641
504 809
-201 211
534 -132
10 177
-259 -142
-764 311
63 257
195 -10
656 293
506 715
-858 -862
761 -405
569 856
-748 -811
964 716
-712 319
800 643
-779 -896
-732 153
780 459
141 -212
-155 288
984 442
-869 682
690 -346
394 -317
263 -2
754 -734
946 560
845 -704
-921 495
898 -205
-374 242
-761 505
239 333
-167 334
-38 514
110 -252
480 -158
328 -317
221 -186
751 241
-815 73
-37 290
-75 297
105 269
730 -219
-890 176
-943 -707
654 -24
415 -708
376 -168
764 356
-835 660
614 -360
508 370
-814 -764
204 147
-293 -185
-708 629
530 -523
-166 407
-771 229
177 280
-242 -85
769 -530
-572 -918
865 689
933 -229
627 -300
659 -18
140 369
114 355
-77 -16
628 -354
443 -517
766 498
229 -143
3 -138
445 -219
-213 254
778 955
-341 110
463 751
644 -602
112 30
533 545
-764 710
902 775
991 305
153 427
525 -220
41 -41
-636 249
666 342
692 692
593 325
-787 -821
-813 -959
408 -644
943 621
-891 554
-257 444
912 -660
-782 -648
-627 -774
-30 -54
832 -731
-103 41
-999 -684
834 733
303 -291
823 -616
-146 -1
86 -175
650 319
-901 654
-73 268
-117 306
488 -354
901 -311
92 474
934 -465
-909 42
-613 469
128 427
93 -65
443 -185
-992 762
-330 314
729 891
815 908
-624 435
862 274
-870 780
-165 434
-365 -15
591 704
-221 94
744 975
881 242
-987 531
-889 689
-895 67
553 -394
855 -442
835 542
300 265
-80 160
56 239
365 -257
921 864
344 -246
506 -191
891 619
-298 230
-559 -950
721 843
810 -699
854 -523
-42 366
501 687
31 -226
-837 -702
874 -662
-157 299
-170 430
-739 323
-988 -909
-695 -906
898 277
982 -508
-258 357
724 -651
551 504
139 223
24 468
934 540
529 -630
816 -584
875 -269
-890 -929
671 603
-915 657
-969 -840
738 -339
930 619
-667 -824
871 695
837 918
529 772
-9 303
582 359
362 -525
-606 245
435 -335
797 -534
910 -308
181 236
-860 -607
-384 177
-75 -54
-107 262
-891 531
684 223
-840 -779
680 567
-288 290
-751 229
533 640
802 -427
833 547
953 -371
-675 218
478 -219
890 818
745 -191
203 -27
949 -530
-335 -31
638 774
142 161
216 -82
-929 -922
778 -514
243 125
980 -470
-776 263
765 691
-313 166
655 618
-659 492
236 144
-771 -715
315 -276
850 217
-773 403
708 -104
-237 12
198 399
-650 614
482 -699
983 682
659 673
504 -631
772 858
-261 96
577 631
87 433
800 753
600 -598
150 -69
-977 143
454 691
464 -519
-187 312
730 426
636 741
-791 119
-772 755
775 -174
326 -382
-966 723
-274 359
-742 -739
-971 -616
834 616
229 73
864 -58
882 601
586 382
854 -660
-949 -663
-755 138
979 -489
594 -100
599 869
-812 735
-597 -956
-298 92
458 -576
-847 83
688 536
-843 484
80 -252
-117 326
-45 295
-750 -948
674 -776
-972 513
268 162
-869 268
45 -50
89 -238
-68 516
321 172
109 290
368 -650
-20 -141
257 158
365 -287
-932 363
558 495
764 564
-31 164
882 -293
801 -179
544 562
-338 -4
876 976
-802 460
794 452
89 93
969 -691
-260 270
-980 -789
989 -602
702 -61
338 -236
984 -302
-827 359
-57 56
420 -619
715 400
973 -656
-859 -964
-875 288
340 -288
-602 394
-820 404
-678 -955
781 289
962 743
825 491
-719 -947
-601 457
-377 126
946 408
-881 556
764 -775
830 772
720 -430
250 157
551 288
-390 15
-920 82
41 256
-324 -59
-991 454
452 -703
780 -726
-711 627
-828 84
744 -329
803 836
-721 427
214 25
-378 -76
828 561
29 246
847 786
-17 205
662 -260
803 -697
8 -100
-793 681
668 -276
-839 556
469 719
-566 -994
924 -230
541 -770
695 925
927 448
485 614
1 -79
-719 -847
568 565
728 230
511 -664
-174 -46
-302 366
817 -288
-877 -961
880 726
-899 124
-695 362
-270 -41
712 612
196 156
135 470
-722 549
866 638
458 -735
974 434
-634 -874
971 -321
945 -303
473 -648
321 213
850 -274
605 920
-897 -703
-202 -167
-977 432
15 211
615 -550
-861 683
-46 46
-389 3
-803 -931
-718 114
83 486
528 -165
852 -130
941 615
-392 53
198 -160
-51 -71
130 -207
400 -159
752 -319
913 -435
-216 -123
686 356
202 -162
686 -697
-855 660
-961 389
-792 614
-943 401
673 -146
-303 -122
-821 -726
6 311
516 -221
486 -178
-115 51
107 -197
-635 -837
596 -614
571 -358
660 493
427 -336
724 -800
639 -654
804 -637
-767 -717
7 355
653 563
-209 213
488 504
-254 -10
601 -637
-661 193
658 439
809 -500
-731 256
-719 -905
-944 261
-225 369
852 -326
698 956
-841 643
812 -648
25 371
-99 216
-181 -44
438 629
-967 579
229 -106
-934 -774
-636 -812
-189 406
314 270
-943 821
878 -220
-731 -892
894 -312
926 890
-830 516
-842 -690
95 205
-630 -884
-710 -989
145 111
314 145
755 439
571 -550
-58 -33
-387 274
848 294
760 665
689 692
-883 -915
-851 -999
851 472
-868 265
493 781
526 -594
1000 701
-872 347
-937 820
977 423
690 -217
-882 733
550 687
-945 -797
-882 -704
-379 168
974 776
238 -35
104 454
-930 609
-201 -163
636 282
-616 471
242 -74
906 -552
987 719
450 -144
249 25
548 531
876 672
-382 -61
964 834
-755 -816
-921 491
-206 136
-374 99
-656 467
470 563
-867 77
642 -156
-692 359
607 699
908 861
710 -358
-622 -789
992 406
575 833
-705 -964
-850 541
-277 -112
121 264
100 305
766 818
589 626
-97 342
192 -203
951 -135
588 535
527 -133
426 -423
-39 -76
722 -105
325 187
-691 236
-311 188
-901 442
71 439
-968 397
-915 541
-854 -619
321 -475
344 -238
855 878
-770 663
689 697
309 279
787 -239
-892 575
-298 392
488 390
-241 -64
945 -575
-54 316
479 -402
655 837
816 -407
857 513
788 413
-301 400
-912 167
962 -400
-807 534
890 -476
402 -290
-741 178
907 -642
438 621
967 -176
231 337
474 -379
317 -548
625 -158
791 -568
226 -124
-792 352
-840 -826
-572 523
710 -234
-660 606
-673 -905
256 361
306 24
645 -59
292 -432
-215 36
819 -782
-584 406
-649 -794
528 -417
656 -767
340 189
-400 -45
947 -349
192 161
688 -470
-225 -41
-106 245
712 205
-371 322
558 -115
747 852
903 -375
900 269
253 216
631 656
-928 301
-868 720
523 -89
771 -649
-966 -852
620 637
-247 335
-361 69
-30 -265
-705 564
697 -580
-582 -900
674 325
-927 425
250 -65
-49 -75
804 852
566 641
-758 698
-382 317
974 -604
-47 349
-973 -813
19 290
749 504
693 -69
552 757
542 405
-45 28
797 -327
-928 257
567 512
-669 516
777 338
498 -388
5 31
994 716
888 -226
558 804
-966 695
-32 160
-325 59
50 318
-848 534
872 -223
-988 -986
350 -453
474 681
-896 -883
-773 -865
-833 -844
-693 465
39 451
-673 548
-183 491
730 771
938 -505
-671 623
909 379
126 331
-59 -157
-915 -786
551 -428
-94 277
496 -402
955 -283
895 -499
-759 -752
986 -471
-809 731
604 -356
-122 416
-205 -134
830 984
73 259
-640 -1000
980 595
-815 -622
-42 62
786 833
851 -237
-200 244
146 157
-926 494
-676 259
-702 492
470 -633
927 -119
138 -183
-975 -898
-633 428
766 -420
-839 774
3 229
-887 -722
-619 -855
563 334
-179 413
-983 592
411 -203
783 -456
236 369
292 -89
-816 -685
-805 163
-815 582
-309 -131
156 8
318 -278
773 -779
-20 71
556 -229
733 826
0 -191
-959 -651
34 41
335 -388
610 -541
751 196
503 -675
-881 -660
-260 385
-979 351
-976 366
466 -294
109 -86
-759 334
-118 444
818 -148
-858 666
908 515
-160 127
792 426
-307 372
-755 589
254 75
866 698
491 716
565 -736
944 642
75 -6
-379 -10
-932 525
377 -293
-274 276
887 765
694 803
-61 203
-238 145
701 279
503 -81
-8 -278
928 -207
-733 405
888 -372
-131 313
580 524
28 -223
201 -4
-759 324
770 -775
764 -278
-848 115
878 -543
-857 622
381 -512
748 -434
582 395
745 -263
-160 5
718 -354
975 656
-377 114
-125 -141
43 345
360 92
792 -466
237 306
768 829
353 191
81 33
-901 110
718 585
270 110
808 -174
-750 436
-943 193
741 562
746 -462
-290 -142
801 583
-308 -85
-876 -985
649 346
-333 368
31 92
935 306
962 -653
-303 236
-862 174
-726 -738
79 491
966 465
-104 -166
787 356
-741 -787
87 -7
-162 354
925 922
-970 578
106 274
690 319
116 -67
-911 538
230 85
684 -138
836 195
306 -53
700 465
551 -438
-893 -620
67 -236
655 -325
-312 275
91 111
952 -370
-182 -129
937 746
43 85
500 352
231 -173
627 -384
-687 406
-887 554
787 377
910 -346
142 221
-38 -195
735 961
606 -665
491 -600
-282 75
580 -443
142 366
601 724
759 693
806 -495
934 -118
-784 215
-770 338
336 66
868 433
-968 787
781 652
527 335
665 -321
888 353
950 261
-681 -737
682 -387
-277 302
-893 -938
967 -690
-118 -58
849 -531
772 317
-949 561
637 928
-691 188
818 -321
560 701
449 639
599 717
-338 191
-400 284
-118 54
-828 -826
482 -731
209 55
615 871
676 -639
382 -349
-368 -51
929 -567
623 472
981 936
-934 -646
-884 -814
-759 182
880 -707
-196 100
-101 379
841 -459
-939 441
-129 -132
793 -495
761 245
701 775
-924 119
587 -405
413 -658
686 -397
285 -88
-343 -89
227 302
875 -110
953 461
-828 -614
665 -767
82 -88
740 -514
-837 162
176 -215
172 -131
652 700
264 311
-321 185
492 -415
-380 137
-112 505
-603 445
822 -289
892 608
-786 -622
-915 -918
-864 47
679 381
443 -251
-77 236
-297 163
-669 299
533 -666
-159 430
823 818
-957 -686
-120 29
719 -376
612 -92
-180 87
770 410
855 -389
-671 243
702 -424
535 -477
-214 102
673 -27
980 -351
545 -219
-95 -261
788 352
-651 260
-417 68
294 174
933 -414
-565 495
-874 -823
690 -412
-952 -872
857 914
-114 351
-327 -140
-608 491
567 772
951 892
625 251
271 346
-750 677
817 -304
299 52
650 418
337 184
-895 -677
-105 166
644 931
860 -449
627 425
409 -420
597 -668
810 -750
-289 17
-68 -130
87 66
-600 459
767 -247
889 -346
841 -309
732 -799
774 -769
-907 534
-938 83
-302 62
-227 374
-744 525
67 97
765 -359
948 -355
975 -356
572 -506
736 -577
-973 123
-807 -948
475 -559
-984 235
60 419
777 919
-773 317
613 304
17 97
740 -78
866 -94
913 909
858 228
-408 30
-318 359
-62 -33
909 740
-147 442
678 802
671 490
-867 -833
870 772
605 -757
-970 232
-105 88
-280 262
-844 522
-1000 722
924 -308
460 -572
522 324
630 -634
353 -373
-925 493
522 -343
-861 495
-889 -772
634 363
788 -483
-954 220
528 411
530 437
-653 232
755 -262
-787 523
217 373
-244 -214
935 552
600 -756
870 -69
517 495
492 396
945 503
-895 425
-981 150
980 300
610 -489
32 340
967 -634
-796 446
-933 572
672 493
170 112
-790 663
738 -410
-850 235
835 594
621 902
-793 296
-593 464
32 58
574 274
928 -223
510 -637
-311 197
-609 298
-682 555
-659 268
683 717
-307 107
910 -532
981 -521
796 377
-357 345
205 -86
627 518
166 240
925 956
654 819
754 -795
-240 401
447 -119
855 -60
-417 216
190 -136
407 -185
-890 -969
-718 693
950 501
-829 251
885 -404
-619 542
-43 112
78 326
-649 669
-349 157
789 379
193 331
-180 -185
90 431
757 851
664 -443
170 -74
10 -138
-815 -793
-205 170
-837 486
-755 172
-732 351
587 696
254 8
-241 -119
300 -425
100 -153
950 644
-575 -989
-973 106
27 404
268 59
825 254
-212 352
267 61
511 -175
850 541
479 -293
-803 -714
-774 -646
-934 240
897 -131
946 -440
492 468
556 -744
-899 -753
246 341
717 537
544 765
-801 -699
539 372
234 -106
381 -269
-895 -923
-560 448
858 362
387 -380
523 -154
-905 -953
391 -546
-893 112
-856 202
599 520
-290 87
-790 260
-825 775
-857 195
-671 589
353 -601
-171 221
774 -520
493 -629
-802 729
-779 781
-330 292
580 -442
-750 180
701 -604
-988 -623
825 -498
-790 376
872 -435
468 -109
821 359
-685 522
832 360
430 -288
567 -124
-372 211
-238 413
981 902
480 -325
818 622
-970 156
67 449
-897 565
-77 465
-690 204
-660 530
836 -395
641 -74
-391 280
196 231
615 -528
837 705
-18 228
-762 588
-126 413
562 -462
-698 632
699 535
-857 620
634 -349
-870 296
765 745
-206 130
555 -479
-879 730
567 548
-651 193
598 -344
-605 514
764 -138
693 615
-986 720
-999 353
-751 331
758 -303
682 881
-992 -612
865 341
443 695
757 582
328 -235
915 829
271 175
-887 607
-764 697
602 562
606 -192
592 -482
720 914
769 -418
583 -118
-169 449
-230 72
848 -269
922 482
882 -191
566 -314
-15 -124
105 327
-712 637
689 788
908 -656
727 -464
550 -524
615 -34
-207 289
-96 -5
-787 154
-559 -988
434 523
-72 -43
-951 -599
754 242
-30 464
536 -109
-800 -765
616 862
567 -729
-970 -814
643 -235
970 651
479 -488
855 697
-757 318
924 -438
854 -639
733 -123
-113 31
859 -191
-858 372
-793 404
-993 116
-733 -657
874 -419
-989 580
806 -625
765 834
-794 88
573 -108
687 380
809 210
745 428
-389 102
549 587
516 -53
962 -581
-847 -769
875 -469
930 453
226 -146
-629 -955
424 -152
-165 298
-281 71
-901 -759
817 934
827 498
30 -43
412 -675
-876 579
-953 638
206 -176
-926 198
-770 -743
536 -713
636 694
-715 -761
590 753
769 968
107 -125
912 -416
858 -498
-864 -893
951 912
964 396
-8 -230
-885 -850
-88 225
216 -43
-865 136
-245 64
759 -181
968 -433
632 809
298 270
-849 173
995 -649
792 717
-57 -140
-879 48
-822 710
664 -800
350 180
-983 442
548 451
-100 354
-981 -746
-820 388
574 -445
447 437
18 -201
-932 595
-956 390
-217 64
-705 408
674 288
-155 138
569 -689
12 -42
207 415
-847 621
633 -115
-893 -744
993 874
-835 582
-958 -860
599 860
-923 -605
664 -811
-377 53
508 -85
-110 420
903 746
-836 179
-586 -987
201 316
898 -647
-927 442
-876 697
-627 278
384 -518
548 -355
-720 210
916 788
-145 343
-129 237
681 265
-923 -621
851 422
833 -599
-591 410
-268 -102
-738 249
672 559
248 275
-83 33
-721 481
204 -80
-327 368
968 -499
218 -25
818 407
-927 -644
-611 -830
-38 -116
947 -395
127 36
-993 759
541 671
696 -711
66 -16
-385 -71
-807 805
-759 385
754 -781
492 -506
-877 704
57 243
-252 -172
-609 618
572 -257
-171 -137
918 717
-899 754
-26 -221
-95 387
656 756
-596 -868
-392 272
751 340
291 -58
-773 -906
736 633
-789 78
54 -266
-181 -167
84 186
-652 -887
383 -497
659 -109
645 -432
758 767
-961 82
476 774
968 -262
-871 808
-714 722
-19 166
-350 -64
393 -249
835 848
235 61
165 455
-175 179
708 271
647 -166
859 608
663 -519
612 -614
-911 721
535 323
873 -564
119 -124
-947 -951
910 -655
811 -221
-729 566
965 773
164 227
3 120
835 503
783 -497
-148 20
339 116
879 761
761 -556
525 -773
-299 32
-729 360
-254 207
809 -38
301 -333
27 -200
-274 135
-241 -59
-113 222
914 509
48 -244
-738 186
-240 413
-954 231
923 -438
-177 10
799 854
671 -457
642 774
673 -95
0 -237
790 -113
756 -288
-786 176
651 421
-771 -985
949 914
568 514
110 -39
991 400
-741 151
-304 89
341 -558
513 -697
-381 232
-944 -717
-924 515
-721 432
421 531
-753 344
636 -691
3 320
176 246
-206 123
-86 62
-369 269
963 -558
223 39
127 235
-56 222
-134 373
-151 -250
671 -122
124 -39
-96 -39
330 247
-681 617
164 -29
474 -370
477 -403
-997 -621
511 -248
-144 364
-878 518
-834 656
-954 512
606 663
708 545
733 209
-754 748
735 440
916 303
-219 389
-164 -103
-972 51
681 449
677 -177
870 358
-347 288
831 696
-48 -126
-994 -648
720 -361
298 -7
-987 -721
688 447
689 742
20 38
733 689
-700 -917
-896 409
602 701
-112 -171
468 699
-89 119
791 -181
-151 300
-957 380
-972 301
-625 579
-146 401
-997 822
689 580
-690 595
-919 291
132 411
751 284
309 57
746 -269
-905 -744
998 -577
865 -150
-398 -47
-847 505
449 -252
760 823
647 -161
883 -153
578 -749
628 -65
645 397
883 347
726 -119
130 -91
-566 493
842 948
-220 18
-752 -708
721 945
-738 492
567 -586
-44 -137
727 470
-148 -53
593 -591
-78 246
86 -257
-817 -765
673 329
54 383
815 -450
249 -131
-289 70
87 422
526 860
-7 479
-905 777
-945 -723
432 603
164 179
-870 -742
754 727
707 -397
-761 -997
-373 206
-844 541
637 -664
967 385
667 -255
-296 335
953 -670
418 -256
921 -298
-961 394
718 781
833 -378
619 431
81 447
-267 378
502 -495
955 -670
71 440
593 -648
48 -270
-788 -920
534 -434
111 139
-305 -19
-711 462
-193 318
470 -252
768 284
-709 609
733 -29
384 -401
695 945
154 361
-891 711
-945 -850
817 942
576 635
153 317
-736 677
796 -303
214 -23
216 393
27 344
694 -24
636 -221
-772 500
640 775
368 -363
-115 455
751 282
621 503
-289 373
-196 57
-643 633
-967 426
516 539
-609 286
226 401
97 -156
-767 414
531 311
485 -584
-994 476
938 -215
317 -538
153 147
193 -102
947 -385
-89 308
575 335
-791 768
-235 -209
-992 176
632 399
477 -428
-848 252
638 389
723 555
574 -361
9 112
455 -698
983 773
-334 243
176 237
775 -37
751 -283
639 866
289 321
770 -236
51 -250
109 11
-875 -777
926 253
151 40
-67 -198
624 708
-996 -926
-803 798
42 2
907 607
902 -687
979 -657
520 -635
13 -111
-75 -13
720 362
89 233
745 421
567 588
-313 275
-601 -847
883 -263
-190 351
641 -147
717 -762
769 -244
762 -366
-825 -759
593 272
-842 216
898 443
28 214
533 759
759 -501
-772 431
669 -501
666 -315
268 -109
-784 -659
-389 96
968 471
756 -459
-192 -81
-782 130
-670 652
-725 411
476 -526
-823 583
-797 86
-782 338
213 24
-738 181
995 -497
121 -136
162 35
-851 140
65 320
17 -250
626 -106
855 -588
629 -361
-710 737
771 237
-276 309
250 385
951 -385
420 -644
594 631
-112 208
858 -735
-655 461
577 435
570 -681
-820 -704
383 -381
116 193
824 443
-630 208
372 -407
-28 31
320 -324
864 580
-100 492
687 -168
191 -129
731 693
569 339
153 -56
988 356
-129 287
981 -211
572 -235
125 5
84 302
-995 760
827 659
413 -120
727 -672
-774 -1000
-714 457
661 -316
-970 -872
618 -48
-818 -771
-897 773
812 396
-167 -213
492 -101
394 -668
-1000 408
245 229
-751 534
-747 263
-880 -939
495 -316
-947 -602
637 -80
523 570
-785 -794
-610 421
547 -758
-308 89
-802 188
513 -366
127 -148
525 604
-738 623
-185 -153
610 -638
-611 433
945 -377
-78 396
-37 -16
-936 174
-42 -169
302 87
458 541
219 153
479 -268
-857 184
-737 -886
-119 -253
121 6
-946 -861
419 -208
62 -76
751 942
898 -406
632 -273
591 -276
910 -672
518 -664
368 -603
-613 506
888 325
-626 437
852 923
-832 -972
507 533
-204 468
-35 -50
-995 -746
591 327
118 36
865 505
901 767
622 -782
-165 12
10 -165
92 212
890 421
-163 125
-980 744
-58 305
511 683
907 -416
661 383
-871 256
-988 238
630 567
696 -677
-668 463
23 -144
860 -120
-977 -994
-760 578
-791 231
504 -419
-684 626
-981 779
-618 242
-204 83
219 -76
155 320
-982 -906
-999 -646
-9 363
946 -712
-131 -64
-34 323
916 535
638 334
-838 -929
117 444
825 -159
38 72
-126 405
569 -288
927 -457
591 454
720 -225
-610 302
657 920
909 869
505 -245
350 166
741 462
558 -645
-656 635
689 541
812 186
-272 63
538 -396
378 -183
-733 -752
21 228
-222 193
-621 -837
531 -618
846 455
444 -362
909 550
-243 303
933 773
717 -486
-92 61
453 -153
-267 406
781 340
-693 -851
764 311
781 793
-126 53
-127 -109
273 341
-839 680
-28 155
714 419
276 213
872 -311
210 240
323 -411
-96 102
664 952
53 213
813 783
799 -116
975 -239
-776 612
882 439
788 260
554 659
-269 -121
-715 -903
-829 153
-987 -852
-946 -748
643 -172
-983 -673
858 -674
43 67
-311 203
-889 784
11 449
880 -248
-127 352
-695 659
-806 -930
800 250
-52 99
-836 733
-876 710
619 -435
839 450
-870 462
-331 125
542 -588
859 767
308 136
-794 378
-619 -915
-314 104
489 -272
603 825
618 758
361 -260
-739 -771
599 742
772 688
-844 638
840 271
-587 284
110 489
561 -692
-329 341
407 -560
793 -461
-934 237
-761 -979
-623 -803
-995 317
497 -250
634 -313
-654 -731
-959 101
687 468
-932 -776
790 -759
139 -192
223 349
81 -58
-371 120
-772 712
962 388
506 -345
-782 194
24 430
-957 -992
850 633
-805 311
-106 77
8 -246
182 244
908 -191
-273 375
750 789
803 906
-700 -758
63 324
-733 -889
-207 -195
-365 98
-240 23
-868 69
-927 599
870 -634
343 71
470 -119
-977 719
962 -173
44 243
151 -86
216 258
216 -56
340 -490
556 -556
-804 -923
734 423
-810 181
473 400
415 -299
324 -397
609 649
555 -37
762 689
104 473
781 742
699 541
577 671
658 803
51 -213
21 -206
931 704
-722 648
-962 102
179 337
259 212
-792 746
-735 -672
897 -697
-657 -905
675 -25
938 -630
949 723
-574 500
-928 -591
853 441
747 -497
558 506
657 -522
692 -253
591 517
206 -75
717 795
-252 253
-162 137
481 793
-610 456
-420 81
967 528
307 115
755 -300
-320 -69
-761 715
232 22
890 323
-723 753
741 841
633 598
980 850
-752 -693
708 -634
4 330
-810 753
-279 80
838 383
-60 83
513 571
776 -172
-395 103
975 274
-749 252
-914 -958
964 721
-739 -815
-76 513
873 -502
107 39
755 930
-59 -55
445 -236
428 -706
922 382
-784 295
114 -138
-675 315
728 973
-968 472
96 260
-914 -826
776 -218
515 399
-276 71
-587 -885
460 536
439 -603
556 -764
369 -383
373 -513
665 519
678 -63
507 -555
-234 240
3 51
56 480
-372 183
515 462
863 508
707 712
680 -70
958 543
223 2
-913 228
-256 -193
-905 -810
-34 -10
-658 548
-798 147
674 901
606 -562
692 -483
288 12
-839 -756
-87 508
-895 -880
857 -597
-790 -723
-91 444
133 68
981 656
802 -405
-699 -950
-81 144
801 -289
542 -685
-104 -130
-729 111
-193 -219
-107 296
-746 188
-172 337
915 451
-232 460
581 -407
-684 673
-76 415
910 -452
-158 429
-262 35
718 471
-383 42
937 561
757 423
314 -342
-711 246
70 -153
-366 86
-18 -48
-198 351
-751 552
957 642
780 212
398 -550
-596 288
-878 627
-648 -782
251 253
-608 357
-858 758
842 -460
800 381
-90 332
-105 -201
-315 365
591 256
733 -96
-25 283
-336 359
848 -549
743 -396
634 -185
296 -40
-909 243
873 742
-941 788
-795 264
-234 366
913 601
-679 367
457 -431
-774 154
-806 166
239 -157
583 451
-975 191
-670 -919
874 933
66 194
802 433
454 -692
-644 526
92 -126
733 -349
-907 377
730 -601
-190 236
622 490
189 424
-600 356
108 40
-153 -85
833 -58
-945 -847
-237 211
664 407
756 265
-84 -107
-967 717
129 -29
-166 492
553 -75
-420 146
-362 165
984 814
272 61
389 -632
644 820
513 -253
408 -447
590 364
313 240
-654 202
-60 -58
972 -461
760 -68
277 274
-965 550
-124 281
-583 577
-614 484
643 -20
971 336
658 915
684 -695
-907 -934
-667 -740
-79 439
30 187
-920 -960
434 -199
-769 -690
558 440
775 497
397 -153
-884 -842
583 -184
341 -575
-99 308
-680 -913
-637 630
806 -380
891 -717
84 184
549 -93
752 767
163 53
-160 -196
-843 -990
938 -193
936 -417
616 -438
797 223
-44 234
952 -383
-864 -850
503 -69
-309 219
970 -401
-337 273
-822 -901
26 298
-234 -174
899 744
-890 695
851 354
37 192
-934 684
-315 299
-676 225
363 -265
817 395
-45 -27
601 -194
-262 141
85 433
843 792
12 376
-805 496
154 -136
488 473
653 -367
-915 654
-862 -864
-138 168
-882 -840
-83 96
904 -320
-623 510
713 -413
-912 448
-54 237
-193 467
330 171
-581 497
467 -683
875 -568
714 -126
649 -447
926 419
33 -265
-597 267
562 280
305 -74
736 809
540 -338
917 962
-602 317
75 473
798 -122
-954 613
891 407
553 -496
755 -491
-59 306
464 -454
-46 503
129 345
937 -178
-791 783
-248 338
764 557
-958 -682
-306 -30
-901 -697
991 700
819 270
-841 412
903 521
528 359
-700 263
769 -274
591 -135
991 556
742 -766
916 251
-908 531
-925 576
923 -231
-782 -910
-766 163
905 -595
-638 202
71 -249
-249 113
436 707
49 -12
946 743
-338 172
98 110
457 -736
863 -293
-172 394
874 812
143 69
532 -146
772 226
95 348
932 565
-309 35
621 -71
101 423
943 877
-32 -179
894 415
23 201
206 58
43 -173
948 397
942 941
707 -492
955 -552
420 628
-799 221
858 -694
-950 298
-95 256
438 -526
569 805
343 -554
-711 -786
150 399
-660 -973
318 -251
439 578
-875 778
458 -173
618 577
196 -58
736 501
528 541
-954 502
650 681
-849 237
-822 -675
-977 81
-749 -872
-770 -702
-123 -200
585 327
115 203
87 -162
593 -262
781 916
916 -652
-899 626
64 49
230 278
529 -109
65 502
-731 283
221 104
-808 675
-856 363
-832 -701
-181 190
819 -72
885 261
-49 -144
-157 -147
-45 -67
771 -624
-290 -134
300 -519
-48 366
631 -19
801 902
861 938
143 -34
980 -163
-310 -144
569 365
-179 248
-627 597
422 -244
998 597
87 451
825 779
427 552
-680 619
-302 -162
874 -115
956 908
-132 184
-282 -194
-346 -114
601 667
-241 91
214 225
500 769
-875 467
872 403
474 -379
-675 424
-643 410
-356 18
-613 -866
-44 490
28 278
929 867
-52 307
377 -525
10 124
-377 87
589 780
506 -235
-105 162
-19 430
838 295
201 -92
544 789
833 469
37 512
569 -409
766 -346
820 -379
-138 -140
-973 -637
414 -227
866 -610
-927 140
818 742
-37 249
-594 -930
680 -414
520 -91
466 -446
-202 455
-986 760
619 -50
44 351
797 -428
324 -30
442 -235
926 -276
161 -180
896 890
-869 -720
-834 388
902 617
706 -811
-895 -785
972 -660
-187 111
756 -294
-338 15
833 -93
-899 -825
462 -731
866 -442
301 128
-849 -898
277 54
488 809
681 -577
590 834
875 -606
-302 389
-27 -124
-32 44
-134 470
-77 385
679 215
636 926
-678 -924
509 -286
169 347
666 618
737 -310
517 807
730 -345
176 296
-735 -813
969 372
258 117
-821 -709
813 -144
-832 450
654 716
607 -245
727 -439
667 -112
483 -108
-970 -737
-701 -837
857 485
651 -132
-882 658
-306 269
-772 -687
775 -200
181 185
855 -458
-822 -651
-596 -822
108 134
-743 622
-711 -720
-242 -39
-719 -899
-154 169
-777 316
596 917
-265 103
-889 -990
-804 -828
567 846
396 -358
935 617
302 101
819 -284
-991 -765
873 954
996 253
-797 -907
756 738
-783 370
562 -389
797 693
-1 -198
965 587
-900 310
-92 478
735 345
817 498
-321 -119
801 -253
-621 613
-986 711
813 474
225 110
-766 461
876 771
-114 225
-748 -659
-740 731
530 -354
596 -347
-791 541
-83 -156
903 826
660 321
47 134
968 -550
-376 70
-346 125
796 -532
522 -701
-895 128
894 -155
-865 516
899 409
-789 325
-138 366
-382 219
491 -622
414 -366
263 -101
-250 135
-389 102
-151 266
968 637
586 646
227 418
-670 162
811 -758
-825 537
934 -343
344 -390
-573 375
848 392
-642 233
815 209
-38 380
-48 28
671 214
-105 94
467 467
857 524
-9 -163
-799 -927
892 316
621 316
395 -678
-565 -973
729 -322
401 -246
559 359
-955 -674
480 -201
-724 416
461 437
735 739
883 972
-886 -819
675 -445
51 -168
507 557
309 -456
-327 -67
160 -104
-256 52
-105 -38
777 197
-766 769
460 -657
-769 -952
-34 246
-164 -28
-704 257
879 364
876 434
637 -129
-317 178
467 704
764 491
284 225
853 -188
-647 309
676 407
-714 -850
573 -114
855 -138
50 -4
596 -321
-735 471
-834 93
583 371
600 852
-17 196
-676 717
605 -473
68 102
-799 -833
164 -209
-688 -824
29 159
-740 167
-959 53
675 -380
627 -163
714 -355
77 23
-211 473
-939 423
-858 -603
683 -169
229 -16
-696 685
435 -653
936 781
-945 -902
620 797
882 -284
-894 772
931 687
-283 393
-299 -149
683 -696
641 -550
-655 429
732 -100
825 806
309 -532
-191 98
-1000 -693
820 831
734 -286
-972 422
728 525
-917 336
-76 328
525 678
52 156
23 13
759 -145
667 931
902 -246
643 899
816 -511
-675 479
84 321
664 -668
-233 -148
652 790
495 -65
277 303
701 -769
975 -352
-16 -140
-600 -809
797 625
797 -738
-777 422
694 -25
803 -677
108 295
649 -325
-638 -948
-906 690
536 -108
-643 620
672 -738
-852 542
116 468
585 -642
609 800
-318 242
705 632
710 -14
24 453
-665 -962
-838 562
-189 -122
566 -749
-561 500
659 -45
682 744
848 -745
614 403
973 -239
-266 -196
868 620
-784 376
-707 202
568 431
841 218
-239 -104
50 142
988 521
488 726
713 858
759 -69
484 -381
-956 197
-974 -888
-881 406
740 238
713 -33
-850 -954
-902 -866
432 574
-33 -3
705 707
36 49
929 592
-827 286
-911 -881
779 657
-584 348
-8 23
350 -575
695 -376
-308 285
981 345
443 -130
-369 -70
-51 318
937 895
-867 188
566 -671
842 431
754 -506
146 -220
-856 642
-194 -162
-674 274
933 716
691 -559
-147 375
-80 166
792 426
554 411
661 245
22 1
-938 124
-208 448
685 318
-688 536
-60 104
583 -548
-213 180
-748 580
337 229
-880 -883
513 -647
723 -452
174 -62
-170 153
782 980
448 -437
607 914
160 -223
631 -352
1000 892
641 -479
-862 -610
950 -168
-675 474
589 -699
672 912
-881 -692
-931 631
876 -330
-185 440
564 847
-278 294
356 157
-777 226
482 -276
479 -249
-961 655
-887 513
548 806
-85 124
613 -775
266 196
-278 346
868 763
-798 592
620 850
368 -429
499 -144
658 -185
-666 -978
-746 -978
-697 360
-83 -44
976 940
464 -150
622 -595
253 -48
-853 -642
786 710
451 -344
881 266
524 -248
753 -417
-956 731
541 465
952 -155
966 840
241 27
712 317
442 -344
928 613
970 738
263 110
638 -29
-725 488
623 582
-283 46
424 -215
298 -1
-605 -798
204 -186
898 778
-186 -10
-249 206
488 458
-577 399
777 -148
-993 255
692 -667
537 863
659 324
-752 223
935 817
-86 225
326 61
-702 564
-818 -960
-679 158
-183 279
-407 98
263 62
-735 666
173 15
-334 22
-890 412
193 419
-918 458
-750 681
920 -497
-321 74
546 -575
-273 -202
-947 327
817 302
740 -799
-405 240
-947 545
158 -209
-165 307
949 902
736 673
729 -471
-866 270
-180 127
902 -410
-624 -933
910 768
-625 444
-608 589
722 -264
686 -354
586 419
562 -301
430 -659
430 -111
-263 253
963 727
-931 -807
-81 -77
582 737
-192 104
826 938
-892 708
-333 -39
-338 202
966 -440
600 -716
127 183
-25 146
828 302
-992 547
899 505
58 -13
663 -123
954 -356
-596 572
987 -602
365 -395
880 -440
927 -718
-299 -178
50 229
476 -751
885 891
203 -82
427 -220
414 -587
-823 -872
-830 212
871 -759
140 410
-894 168
807 -270
688 -513
-183 12
-104 -268
528 853
-776 643
159 106
868 -449
853 -458
-233 200
-779 -625
975 -295
943 -368
-118 75
581 609
780 -138
89 -74
77 169
-808 -899
889 -111
493 -307
540 -130
-26 -82
789 777
821 493
672 882
-965 -826
708 302
800 -291
135 151
580 -558
432 -502
130 165
504 471
681 519
-692 596
96 259
941 880
-328 126
815 956
-707 595
-832 -876
-776 521
-301 -24
690 877
512 -620
652 -592
733 -333
-936 173
-936 -968
-58 386
235 236
518 -51
-167 352
-987 -766
-230 -175
-950 744
920 605
-50 92
-878 182
668 -759
-821 614
780 -39
687 859
-122 306
920 -400
-180 352
400 -531
494 -172
904 -206
74 277
899 -523
333 111
857 -334
764 916
660 451
-779 713
798 538
573 660
-645 514
452 -153
728 359
525 804
372 -493
974 -435
821 792
-650 -785
591 -561
870 -700
-114 -17
-589 469
470 -445
-962 -761
-267 201
781 -658
717 -608
-248 393
153 434
53 -16
34 -264
-903 -883
471 734
107 137
-261 48
-894 457
756 -23
271 113
-614 467
473 658
152 -21
888 262
573 -56
-414 93
935 742
353 -504
755 325
-322 124
-946 760
428 -450
-320 76
-689 333
-152 281
654 312
927 -489
175 -27
-897 347
957 792
603 -119
-616 226
-351 49
-950 569
712 -135
-730 -815
-282 29
366 -288
-968 828
-382 295
991 239
448 482
888 800
-131 -192
773 -701
529 -293
421 628
674 365
888 372
103 367
-114 409
603 -234
-249 65
489 -161
763 542
409 -629
24 24
937 -258
73 115
373 -187
434 555
451 -164
430 -479
-782 -877
-368 181
471 -182
-24 74
944 912
579 -765
536 704
565 335
-51 -30
421 -442
-589 459
618 287
-914 471
-329 -22
-636 504
829 -746
813 896
688 899
586 825
775 -329
-844 -786
337 -272
764 718
101 -7
326 258
144 182
912 -150
-878 52
17 -80
639 -116
725 -518
-262 26
51 121
938 863
580 526
-1 -82
-784 686
623 590
720 -43
579 -542
410 -477
-981 -826
518 -445
608 288
659 -803
376 -174
-831 -629
99 -45
-972 116
-958 -786
-987 -881
835 565
332 -369
-732 580
658 721
-738 389
-925 -919
-355 -119
702 357
-637 420
-729 -820
606 328
635 -672
671 -54
875 -134
104 263
977 570
-744 -660
-791 514
-704 -869
-269 -196
-210 166
-658 384
785 408
-607 534
425 -623
482 -680
-842 -870
662 -730
586 340
-388 231
-732 641
752 231
620 -135
172 379
-276 234
787 835
812 -445
941 438
-125 421
42 370
760 -92
-30 298
455 -133
39 483
-282 276
564 -305
165 463
89 -136
583 450
-986 829
590 -531
-172 15
74 385
-673 259
732 -701
634 -61
498 588
544 -610
-683 410
718 -476
943 860
520 -326
95 424
683 -287
-270 69
869 -467
-92 -130
193 440
486 -188
825 622
-133 13
639 374
763 -365
-560 484
491 484
314 -412
847 -372
885 885
837 -392
667 -441
490 675
-237 -81
887 953
554 810
-303 392
921 -216
225 146
-900 -844
924 378
-90 -4
903 -140
781 -601
-142 -75
728 -233
517 -485
675 787
119 -221
578 -721
699 841
-639 609
714 -129
784 259
-880 -772
862 578
922 480
524 -518
437 551
766 -712
917 230
685 852
-798 92
-171 112
141 181
-792 230
-198 456
572 -785
268 281
572 -703
979 771
602 -190
418 -613
515 370
-694 532
-792 74
348 -286
-718 431
795 -608
-878 755
-800 513
-722 339
630 -303
232 6
-705 650
113 24
908 651
838 -404
-928 488
421 -374
758 422
913 -128
542 -466
105 161
784 565
615 273
728 -197
-915 476
784 249
492 717
657 -807
742 -91
898 601
-825 -920
-8 362
662 880
633 435
398 -333
-120 157
-927 229
-746 267
742 -742
-948 321
-712 138
82 -246
-955 294
441 645
154 241
-865 116
804 -475
797 -689
286 175
289 -369
-904 694
66 23
-961 609
639 791
-152 -200
-952 -808
-181 -144
567 522
709 -609
579 -360
836 312
767 -454
407 -341
-215 383
855 887
-647 306
-788 254
639 612
717 -461
-916 667
-878 -624
768 636
519 -262
880 -229
-83 45
-560 497
-963 771
783 587
-384 293
859 -467
789 592
594 -463
729 -239
683 482
362 -581
751 472
739 -587
576 714
818 256
539 570
-175 307
-60 -264
-949 828
-747 436
946 -642
-293 -78
908 516
-887 752
-908 95
-124 351
562 -785
-856 467
587 -670
-614 291
-72 447
679 -645
851 592
-133 -161
-958 -727
35 490
990 -523
836 405
-796 69
-71 222
-222 -41
652 880
-921 152
468 -394
-864 697
-429 168
988 -446
563 470
-696 -857
112 329
660 939
247 38
-39 -133
996 554
-377 243
-846 -884
-326 179
-751 186
195 -43
638 -583
-244 129
608 734
-938 78
-726 -762
670 -102
8 231
713 644
845 736
884 -106
-971 298
-64 92
-755 -989
203 -192
240 96
808 -364
-317 358
493 757
868 283
613 726
-703 624
-92 47
-847 754
-643 412
872 -365
-172 446
846 -51
293 40
832 -217
-671 -832
612 705
560 -282
649 -508
-328 361
-770 -864
467 -174
727 228
-968 391
565 -361
-31 231
-671 670
-829 761
512 -162
929 -584
670 908
-603 -841
-822 64
-706 354
530 -217
-173 -27
-165 -120
568 631
-988 318
-6 245
-218 143
-129 475
-173 -179
722 -178
-889 -806
-977 -927
615 329
857 477
714 -704
615 544
27 57
-745 590
576 708
658 481
482 -183
788 -613
742 908
-125 226
-636 542
694 830
-132 490
486 -295
227 70
641 916
881 765
475 -154
834 526
563 -99
-419 125
733 -38
-247 362
410 -671
878 -180
-920 328
648 -609
-958 699
-953 -853
320 -279
998 -281
893 -406
197 141
-902 538
532 -686
54 -76
851 -447
58 34
565 -620
133 157
760 -414
279 150
537 785
525 -583
908 -110
-82 -39
-220 -102
689 -803
537 -528
-1000 768
191 319
49 342
916 896
983 -346
706 724
-701 -816
-949 -640
315 -20
763 -551
684 580
-216 -61
885 390
800 -429
-730 187
-180 -32
869 878
-167 264
174 329
-362 156
-859 -627
600 -260
108 154
901 -579
-932 745
-978 -911
-924 558
597 -194
-937 41
528 -769
-104 357
871 677
842 -318
661 -455
-426 131
665 -88
-715 664
706 845
561 801
147 247
643 457
637 -330
-153 -105
-744 525
-928 89
-117 134
988 -575
183 -127
-338 146
-124 224
-355 -42
854 -302
341 -303
-856 436
-738 694
752 970
788 932
804 338
-352 126
795 319
-966 789
415 -562
538 768
636 241
111 55
-737 711
-780 -657
-765 -724
201 258
562 -139
563 560
-7 -155
105 354
158 -127
-822 239
888 -524
537 -582
492 -167
167 -6
596 -791
837 428
-909 779
548 865
595 -292
123 461
885 -649
745 499
780 492
488 593
-405 -21
673 782
-389 -54
702 827
594 -762
-949 -892
-109 -165
-15 84
-812 738
736 -420
-816 257
529 -119
898 359
-320 90
511 791
740 318
-755 -831
-768 254
-89 -63
-870 309
267 240
-905 -638
762 728
558 716
562 -374
314 179
639 902
100 425
-583 352
-364 -48
260 316
-9 -162
656 341
-932 439
957 -655
-951 -779
-25 349
-804 490
261 94
-14 -227
-961 -897
633 -788
-766 627
98 251
579 692
-575 524
687 -247
-115 -13
271 136
496 -289
432 -129
-856 573
541 402
-894 374
362 -631
192 291
220 62
-924 202
299 -85
-728 264
-960 -928
-891 -657
-392 265
659 323
-376 158
28 -56
-400 -23
-920 716
894 706
154 73
-135 458
523 -318
439 565
909 574
550 544
170 -109
655 445
-889 130
305 -477
-808 754
235 389
-326 -19
211 -2
-809 548
312 -3
-910 559
184 136
960 680
820 -374
-342 189
814 839
-165 348
-796 -800
568 813
281 352
-771 -689
579 550
-864 265
564 -319
-25 500
770 -511
310 259
-993 510
469 421
-397 176
-759 198
129 -205
681 -587
258 121
523 -626
470 -359
-227 -209
-659 334
-266 266
442 -277
858 -301
-199 58
-149 459
668 -220
500 609
552 756
-351 -18
827 459
-176 80
677 -762
932 -152
-751 -877
647 708
681 -560
-925 788
-568 369
824 286
677 698
811 -776
885 -746
359 68
-981 664
977 255
718 313
204 258
845 -185
422 -514
-317 -63
666 850
-591 -983
718 636
-84 -35
224 -34
747 -623
-198 13
-25 133
-281 427
-847 258
804 717
648 929
-975 -745
906 -739
445 712
106 433
921 -656
-992 -649
553 619
60 -236
948 418
616 461
-60 144
855 -650
-827 170
940 613
668 -482
630 564
691 760
-353 249
-758 323
433 -169
734 858
823 -161
257 159
336 16
552 -704
-707 336
243 -15
258 383
294 -425
-256 211
-242 156
-90 245
-12 465
-51 -13
-95 -59
813 -702
861 -92
-640 238
966 -334
360 -623
911 694
818 -676
-988 -665
285 -84
726 718
993 678
291 304
-737 -813
-977 180
799 291
923 840
542 540
65 -82
875 -593
-917 619
142 -223
870 408
811 379
230 286
927 623
-139 215
729 -573
-871 145
120 188
-915 61
104 -130
725 -768
-709 350
-965 228
737 -792
923 795
-143 -186
828 -578
909 -680
200 373
531 -349
-173 54
966 337
534 319
41 136
497 718
-807 -805
415 -543
630 -202
-103 226
760 -101
-786 -937
790 941
-782 470
470 -204
447 -466
-173 -152
433 -533
-931 428
-987 -935
121 -140
157 150
631 -449
761 -547
-703 -943
-915 -797
-935 -872
-102 -30
-957 480
829 953
449 504
-110 -151
-13 265
-868 -749
-159 117
998 -607
729 -706
-999 203
-880 320
152 199
870 377
185 127
-573 519
92 -33
499 -250
-840 741
851 383
-851 -678
669 -304
425 -392
216 404
627 289
841 -565
-796 760
451 -570
555 873
960 326
-683 636
-175 300
-282 155
124 115
-397 12
96 379
-850 173
602 676
-608 -913
751 388
-778 -963
564 449
128 -43
-324 -38
439 593
-922 301
605 920
-175 133
847 -681
-827 -837
-810 183
-583 310
-300 6
909 -419
602 -762
-826 520
247 19
303 25
-44 370
-568 -945
648 -353
634 -272
-981 50
-658 310
136 478
733 419
678 359
-571 461
172 323
434 -407
87 -151
733 555
726 -55
-563 471
-864 218
998 645
897 -701
953 239
346 200
401 -535
857 -137
151 -64
959 531
52 -257
480 788
947 378
916 727
487 682
103 -190
518 -349
903 962
-969 242
516 778
-650 252
736 845
-871 473
804 -786
-683 543
999 -562
940 875
591 610
-161 59
-567 378
-564 433
-697 337
-145 43
-730 -790
669 425
-403 -8
871 261
135 6
-858 -604
-793 734
868 -713
-287 299
497 -114
797 263
207 426
-743 307
489 -758
963 805
-740 287
141 -64
-178 166
675 -178
-858 -627
901 -228
-697 429
494 -601
705 438
951 -505
960 642
422 -299
-724 -997
-261 -183
879 867
-223 -118
517 362
743 -205
527 -95
-167 188
-666 -990
152 277
838 647
-978 558
292 109
-138 48
-694 -919
-238 -111
914 -577
504 697
905 485
-18 415
-96 451
-873 -807
-849 -714
26 -179
942 217
675 -527
-793 668
-761 -687
731 335
-576 343
701 575
-79 272
593 -549
598 -195
899 -622
-762 464
759 440
468 -290
703 510
641 -455
523 487
-349 173
-987 -596
658 569
-999 641
-15 304
708 616
829 -296
713 407
509 509
832 -157
5 -75
537 819
-944 306
54 170
-891 141
167 47
538 681
942 455
943 557
796 335
-287 275
-781 164
-783 -640
766 303
-239 -82
470 -699
347 36
994 721
570 540
-79 -35
-203 -132
629 -260
846 -716
-865 -683
123 306
-71 -119
100 -237
564 -477
716 -39
829 420
-159 280
676 222
921 -688
-736 -810
738 -255
-400 207
-653 -758
-282 173
564 -199
552 -762
924 399
-228 -114
-869 222
-40 -227
472 -412
482 -641
-324 -43
-158 176
789 -140
-704 724
-911 -742
607 -793
-818 162
612 -756
-719 670
762 -46
391 -422
494 -102
610 759
561 -413
-29 311
-315 -82
121 -241
479 -567
-737 716
473 -728
363 -187
-881 -920
960 261
-107 118
799 356
384 -370
-6 -235
-46 20
-146 3
-371 97
-968 -670
680 390
664 -289
46 380
820 -460
-683 168
-908 -821
-961 587
502 -356
-346 134
183 203
543 406
275 106
62 134
-661 245
-652 588
807 204
657 268
-418 129
759 -215
427 548
-213 -108
-179 54
883 415
-420 22
312 -441
902 -211
904 -243
-699 -745
-933 167
-800 -976
-297 419
-978 761
670 -13
584 -416
687 327
124 -154
-869 818
960 -403
684 -95
994 673
955 213
115 309
561 539
192 -60
-833 515
-573 435
809 -665
-969 617
556 431
200 -189
903 -565
584 -171
693 290
840 -718
-962 622
849 628
825 -49
-587 580
-167 -8
-745 -833
-968 -933
717 -156
-747 -977
-111 455
709 368
-62 -230
763 499
29 -191
-250 -45
550 418
-353 211
-748 152
862 -614
994 295
-304 12
23 39
-822 178
-820 -803
522 -366
730 815
956 324
482 800
-417 160
-916 -602
699 800
719 -20
-205 -83
710 -627
-340 -7
248 265
-831 278
800 492
866 -286
-841 413
-34 77
302 -34
-332 72
489 -246
859 -185
754 928
601 -662
-960 -955
873 -710
-31 102
515 433
-735 308
-232 -84
-818 549
-5 448
-856 611
-873 797
505 -258
595 -668
448 -525
-261 -97
-70 -176
53 -171
-629 317
-945 97
-773 701
-897 374
-867 430
569 -559
860 253
-735 -1000
505 383
609 -118
897 224
941 -552
-235 -47
-244 82
708 -337
777 -719
924 260
-250 -195
-354 285
950 509
-894 827
762 207
552 -745
796 -162
67 -173
-127 143
46 377
969 799
304 48
776 460
652 -393
-830 174
810 981
-953 88
476 -99
650 -772
-976 -860
728 -330
919 -509
27 -65
524 -248
-848 758
740 -569
191 404
-661 243
-665 194
-261 -95
948 750
493 -436
340 71
290 166
710 -578
218 -137
-147 210
-694 398
808 -714
11 431
-826 -915
-895 -870
440 -633
-953 -944
-621 244
-759 470
777 468
-808 -931
-733 -655
-908 545
-773 476
-210 318
-776 -918
-310 -36
-583 504
-128 68
-23 -252
-618 -913
-88 172
-770 -937
355 -500
-614 -847
-82 -57
-350 -57
-969 -627
534 453
603 -578
709 -87
-365 150
862 651
-183 230
196 159
-39 467
765 227
-844 271
359 -216
-862 291
431 511
-387 33
-899 297
-923 575
823 204
295 129
-803 524
-657 403
424 581
21 189
-897 -934
186 92
453 -534
818 441
952 -701
-248 79
595 594
-97 -192
-990 737
527 403
464 -86
684 574
-589 429
-175 307
843 625
989 -162
988 -458
-228 -200
605 -717
-906 676
672 447
298 38
615 829
910 766
-808 715
47 80
-392 -39
-809 -845
-95 328
-938 629
734 -120
46 393
700 -637
368 -607
-788 711
-677 568
814 796
-89 156
82 235
257 -133
-212 312
544 499
437 -194
616 -167
-82 200
-984 592
701 -445
826 728
-32 403
-311 69
-871 633
707 810
-793 646
-900 442
-569 490
852 -434
-850 -691
577 691
-877 -710
-822 264
907 416
687 838
852 947
880 -157
-969 96
594 636
490 -358
742 -592
-884 806
598 -557
-794 -695
280 301
-742 496
-396 124
122 470
624 675
299 -56
491 -501
771 -275
-155 245
-914 601
436 643
-789 128
-784 582
955 253
-390 225
164 56
625 742
-965 493
720 746
-302 133
-682 -932
-704 231
-119 -256
868 197
-573 351
-80 -45
831 -399
334 -452
812 -310
539 -109
-51 -184
750 643
-849 603
742 -297
451 -504
-156 361
489 -658
943 329
881 -728
-561 481
973 -620
719 -108
622 -456
435 552
944 802
-824 651
-691 528
-664 166
894 298
614 -629
484 391
444 -157
760 546
-928 591
-892 616
25 -166
972 540
-715 426
933 378
944 831
98 180
-879 -922
-147 240
377 -217
700 931
122 242
807 917
56 329
91 -141
-166 -78
-67 165
-587 515
894 -707
586 -769
656 -522
739 704
719 825
-230 -75
817 507
541 -642
719 -731
850 -414
342 -619
-291 -54
604 802
-158 77
54 176
-895 -836
-807 291
566 -96
-46 329
-643 -833
656 -243
954 -609
741 -783
681 -763
-138 -239
-343 -38
725 -357
-188 -32
745 -57
-748 -711
331 125
604 433
-132 -266
88 -16
882 249
575 557
801 -660
-803 269
-697 -758
-92 285
848 647
96 -142
853 -246
-287 -33
-374 141
-191 170
-168 43
224 326
858 365
652 618
-654 670
-209 -30
903 695
-59 18
-950 246
753 296
-410 254
-301 -9
846 378
205 -100
-81 267
-933 -838
908 680
999 809
-936 189
667 295
624 -597
514 805
17 12
-871 461
916 -653
650 722
528 -356
-96 -127
525 473
-848 491
-992 547
428 -341
33 -32
315 302
254 279
604 692
-834 399
-818 717
-372 310
898 -610
-76 -95
-49 382
-960 -866
838 821
443 635
718 733
670 -591
-816 273
787 391
-728 670
967 762
143 226
221 23
-364 42
-846 101
709 252
-320 13
685 -478
31 -104
855 677
913 -139
869 373
10 464
-232 361
915 881
-247 -182
-798 295
479 -247
475 -274
-331 91
100 350
948 556
-880 460
-240 440
-807 326
-714 135
-135 -231
311 -548
-129 8
493 -132
4 -116
534 -603
-725 181
65 393
-673 389
822 -422
-971 520
212 -16
-190 -142
-613 239
958 696
776 558
919 630
-626 -877
738 637
-670 365
625 724
-724 345
-188 76
910 954
172 3
-608 531
883 -449
-923 698
518 700
957 530
307 -402
-87 271
809 371
56 124
502 696
57 -51
-211 -63
888 -386
-741 664
749 -27
-908 272
340 121
-114 390
35 381
418 -705
497 540
133 167
936 835
-985 233
-258 35
307 235
-987 805
-197 -39
934 286
-988 274
142 389
595 -150
957 -695
227 11
-749 203
-87 79
-826 345
-960 795
759 286
-938 40
499 -719
978 -603
-664 555
47 248
-869 504
-29 128
638 -753
968 -441
859 411
777 201
596 721
503 -582
-984 -930
682 580
-908 144
522 -108
772 -152
938 -151
-87 59
217 -63
-752 709
-855 -616
547 -574
744 591
271 107
601 -437
863 -209
-682 615
610 -545
-993 -914
-163 -11
833 -219
455 635
472 499
717 -48
802 -77
-75 475
888 299
-914 -693
704 -240
-863 739
575 -225
697 964
-925 133
-841 -829
619 584
149 310
589 890
425 -563
-813 626
824 -234
297 322
-220 -134
983 -674
-959 642
719 225
-612 613
-802 605
715 -318
895 -150
695 -602
-171 -70
735 -186
-195 431
-305 -101
743 322
999 448
152 321
928 -578
629 -792
-828 239
474 409
874 475
690 -523
-275 278
-657 619
-797 -671
527 -572
506 560
862 268
-891 -986
989 839
981 -480
629 -678
971 -294
163 211
-139 300
-962 646
-740 -937
760 268
-794 215
564 731
731 652
-606 -822
-975 -998
775 965
807 235
-895 169
-384 255
-800 117
-969 -815
-151 -8
682 -675
-107 187
-559 447
181 -1
569 779
697 678
-20 -181
948 422
151 234
622 -242
100 18
-689 579
590 -436
-215 97
710 -458
-888 -984
-120 -100
-725 180
-725 -829
884 -492
834 445
-915 631
90 16
-175 156
28 232
-142 314
822 -434
3 101
130 -198
354 169
509 555
0 391
100 1
-719 -755
897 967
-613 -821
-712 745
427 -159
879 -326
105 333
629 -442
610 403
153 393
659 -196
171 416
772 -774
-214 102
671 -453
-649 378
-649 294
956 644
-906 -613
-180 75
840 -166
-228 -165
496 583
-100 364
-295 -80
-906 -906
912 709
646 -729
-867 503
360 -297
468 -675
-924 748
779 793
-745 546
-923 819
475 737
-970 776
507 -454
-114 -133
465 -323
-832 -867
-856 -732
744 915
620 -204
-380 243
-946 -961
-53 437
622 660
717 304
645 252
419 -397
712 -75
784 815
-877 145
-859 -818
874 397
397 -323
-648 -815
979 618
686 469
748 -84
57 6
-210 4
847 -199
-984 -856
667 875
-235 96
683 604
-602 457
891 -223
867 392
915 -665
-730 -963
-137 364
805 -78
791 -210
-150 496
999 331
-767 -686
-671 638
-89 493
936 -450
69 345
-159 302
-22 468
208 256
-945 355
-857 341
42 285
579 -330
798 -76
802 -320
-240 -219
990 -479
-693 726
604 353
915 -675
-344 319
654 288
-831 631
-350 59
800 -436
327 4
-75 -101
-769 89
915 452
370 -386
-254 -105
-850 662
542 832
45 -39
-987 -594
572 -218
377 -638
744 -665
836 -781
583 -763
944 -396
669 -510
503 -342
843 -460
-886 236
603 -313
154 -203
-337 82
281 -59
-852 761
-97 180
-775 611
458 -85
-936 592
-960 -723
-825 122
660 342
741 777
-869 -609
-833 592
-285 214
715 405
417 -588
-52 94
762 -294
-133 418
852 302
-128 -259
564 -113
632 409
838 -377
-205 224
-835 -901
159 292
932 -689
555 -186
-359 25
-83 395
-750 -643
833 202
316 -352
-231 102
-704 -775
-957 -841
-134 226
818 240
851 -227
924 -351
754 -237
436 -590
980 -242
887 -603
998 834
980 801
-899 -721
394 -525
259 -90
607 -453
645 664
958 516
-401 29
-95 142
894 583
320 232
339 209
-605 375
39 -199
930 -399
-973 -660
-976 175
-709 534
-128 123
-350 284
-561 466
23 122
844 410
258 275
860 854
-176 -150
831 468
457 -197
-700 250
229 240
347 232
-744 554
61 -37
20 491
-298 398
64 69
831 850
538 -670
-157 334
770 -464
-734 -971
-867 275
323 224
-858 689
708 399
-105 61
892 -176
788 229
151 377
792 -301
214 294
483 602
714 769
177 436
-861 606
741 773
833 306
-402 -24
-844 424
990 556
-28 -176
-802 683
123 -16
-952 404
-218 401
866 536
-869 403
796 -112
-689 -806
-972 -660
-934 94
432 516
-797 -822
-763 614
85 317
-857 112
-374 155
743 349
-811 -868
553 -368
-292 -177
-900 230
75 -93
-982 -762
664 652
495 745
850 258
689 -514
623 -456
625 -519
501 -726
605 -802
577 383
45 233
820 -177
445 523
688 607
-68 75
623 379
436 -699
738 763
-924 134
-609 -801
837 -314
791 -250
791 778
305 -444
-932 480
-620 -899
-239 -50
-263 53
333 -229
584 -543
875 242
692 -299
215 -125
388 -564
908 -117
845 256
603 -118
-820 737
-34 436
-429 154
556 -627
718 590
322 12
-4 349
927 -134
-54 356
941 -240
937 696
754 911
923 -216
967 317
515 397
-968 192
465 -710
-605 621
-203 -103
-900 201
797 -389
713 908
-991 557
85 -148
-802 552
639 -456
239 267
-849 52
-154 165
80 -131
-184 413
-761 -756
-123 -242
-846 -958
-289 316
-980 262
-89 145
786 -451
-636 410
29 474
689 -34
693 943
-609 -853
850 -523
861 -111
710 -297
957 375
710 803
-920 532
-173 123
-999 736
-4 -122
-133 415
987 -224
820 293
-992 -690
-972 94
-87 244
-731 370
510 811
-602 262
-132 232
-911 441
815 -93
-700 -734
469 637
468 701
-998 813
-10 -26
692 -455
-7 183
486 -715
951 -348
303 -25
662 -29
980 529
856 700
917 -354
-263 409
685 248
-110 23
1 30
915 869
671 -426
190 393
671 866
-859 690
-887 -852
-354 -5
-768 95
-699 -757
-47 -69
784 494
-252 398
875 255
-944 -723
64 359
927 302
799 625
-986 108
-940 778
893 340
593 -535
847 958
-816 688
336 178
657 -53
784 -362
-669 -759
291 -424
-939 -598
546 758
75 252
735 197
-275 107
-717 -891
-222 343
130 193
209 393
-7 157
100 -80
-299 -10
232 373
-339 114
-850 197
807 222
269 54
-968 228
98 298
703 -503
-34 48
-747 102
-922 -775
388 -351
666 -655
669 -731
747 -205
386 -180
726 -599
-391 -36
585 904
85 186
-976 -809
-646 -981
620 -254
-900 85
-150 -129
383 -380
-376 324
-949 -976
-872 723
706 582
-915 352
855 315
791 -182
861 851
24 424
-598 301
655 642
713 -611
999 -528
-93 344
-106 -134
375 -204
-775 355
622 -591
-602 306
371 -525
233 286
-849 557
499 538
149 153
571 -397
490 -676
-144 7
652 -613
-731 -707
226 168
-868 -709
664 -641
-718 381
985 765
5 460
268 46
422 -230
175 343
337 -432
-77 281
-44 117
448 -160
534 -202
482 -690
-60 -147
86 158
418 -529
939 291
481 797
796 -253
-880 262
516 649
687 935
-312 58
134 357
793 963
605 -554
-125 -229
-843 72
360 -634
62 -7
646 -686
259 -21
798 475
665 574
138 -222
517 -148
426 -245
-836 -892
-860 690
-881 779
-323 369
812 832
-149 -189
177 -36
947 505
-54 -5
543 -109
16 299
-721 -988
981 427
145 -237
-753 401
-912 217
-836 539
-37 293
900 -433
-269 -145
-875 -661
-604 305
80 -11
640 874
-904 479
368 -189
-363 314
409 -257
958 -208
57 -9
621 -387
997 318
885 316
790 583
-101 -194
766 -251
-736 472
15 48
-802 421
-124 162
527 -448
-11 420
-110 47
-264 387
-371 279
-576 -951
51 170
595 635
598 642
-72 335
193 -153
789 -358
408 -397
739 452
749 586
-667 -983
68 -198
641 685
691 776
-685 631
-841 -623
-20 -138
189 120
-89 -52
366 -196
61 182
-260 437
785 -382
792 -776
-116 132
18 20
951 839
-678 -922
791 -674
-212 214
585 -79
585 -193
-639 609
651 -543
930 -574
558 457
700 498
935 -609
733 -128
954 217
-651 598
-184 230
-636 289
315 -62
597 893
117 -90
543 -579
146 443
-73 19
-936 427
135 392
537 -547
-844 815
954 -405
336 208
-675 329
-184 39
900 -553
793 794
-663 644
419 -267
-297 35
9 331
856 -98
-127 -78
-588 -988
-589 531
-980 228
-948 219
-363 311
929 617
202 261
502 354
725 838
387 -445
820 776
853 756
-334 63
970 -385
-699 -927
610 -776
853 895
-900 58
241 79
928 -319
803 740
-217 -211
782 -665
737 637
-131 -85
-332 308
-623 -812
786 526
823 910
462 -664
160 301
739 321
-890 -751
165 363
673 462
719 -73
-742 287
-746 523
-954 191
-875 401
581 -50
431 607
755 -379
-931 -679
-904 224
739 939
-593 -987
601 -772
-996 339
733 -313
-842 614
-286 155
655 -88
467 548
-205 420
963 -130
522 -395
-408 183
-880 -989
533 640
347 -570
-604 -962
-779 212
214 393
889 720
451 -686
-293 -150
-382 177
-895 426
-772 578
670 335
-922 509
4 387
668 -105
29 423
123 -115
824 -747
293 203
-667 531
732 -724
-763 135
821 628
640 -303
145 -132
-126 341
-681 358
545 793
-747 -999
683 682
185 339
659 -520
500 -369
935 920
480 668
-22 -197
594 -27
878 824
36 58
470 -132
699 262
-52 -223
442 -361
-590 -845
964 416
573 717
-398 182
936 859
-825 200
-633 205
524 749
976 924
-285 240
480 -591
-937 719
721 517
507 396
209 307
905 909
9 -250
222 265
444 583
681 -492
578 -540
580 -770
661 224
280 57
-394 296
515 421
921 704
-776 625
682 -162
-893 758
456 -406
-728 632
766 -552
-263 245
220 379
842 327
444 -99
3 -202
838 200
822 -69
919 465
564 -321
-415 35
-726 -960
-855 -880
-634 294
-681 -962
752 -346
-567 436
-114 160
-210 149
787 644
577 -592
-7 9
-654 -872
946 -644
549 531
684 -730
173 242
-217 -23
-269 149
532 482
-134 208
-287 46
-629 605
910 -283
-895 -711
516 -52
646 -91
-786 -811
836 261
-633 506
-983 816
-161 173
780 -531
909 -169
-747 -743
-403 254
-686 539
783 -623
-344 76
566 -392
673 -374
515 -278
202 -114
573 669
950 287
532 -493
450 -152
31 -218
788 -783
987 765
-742 503
519 -720
710 -730
-369 -26
-886 446
484 561
-913 630
952 -428
87 26
-981 820
703 295
880 -315
717 459
-48 220
83 -33
542 464
351 71
215 90
754 -73
465 639
-885 493
763 704
508 -695
416 -629
-873 -618
316 105
67 342
-849 808
709 713
-673 -719
-964 133
605 775
-570 352
-607 242
764 571
-992 230
-288 316
648 229
-302 44
-291 409
594 -466
-939 -651
248 89
945 396
451 675
104 -205
-278 -192
679 -431
640 -284
88 -101
256 -84
996 -450
549 566
963 -216
-717 493
694 -724
673 -60
-998 599
877 970
866 -657
-359 -32
398 -569
913 754
571 710
-775 -903
698 -76
568 -432
312 236
881 -171
-197 208
833 -698
93 -102
54 139
14 -76
330 -484
762 215
-751 -846
-939 519
622 -780
465 439
404 -487
200 304
-979 -587
682 -262
979 -520
711 727
-135 396
494 -651
711 -25
-254 433
94 -180
252 -20
-960 38
-735 -672
661 395
-815 -699
536 -112
577 -713
909 277
-677 518
243 -140
-615 456
530 -558
956 -688
-942 -872
-887 -888
966 -479
992 -437
840 798
-585 410
-30 -63
317 71
-193 313
926 -667
158 67
-850 538
139 425
672 258
-68 41
835 895
778 572
827 -257
646 -555
-686 277
-568 355
991 579
768 -62
-234 272
807 421
773 515
952 923
833 254
354 -493
358 -279
559 886
-790 -810
-601 512
925 -461
553 703
-172 143
800 -764
-999 708
605 503
873 277
-48 138
-992 -941
-896 355
721 214
954 -568
-29 -265
680 -597
260 180
97 -236
175 183
815 -151
788 353
811 -210
-643 543
605 379
477 -229
4 -32
-181 294
-377 66
730 701
-794 459
-372 37
688 -132
393 -582
784 -533
-663 171
320 -38
-161 217
442 -602
-951 -625
921 285
-81 -96
433 -529
141 460
635 399
-4 5
751 -389
-267 21
692 -652
864 740
549 -327
-990 740
-988 568
652 -766
-896 524
-763 430
-366 91
-752 751
822 -479
-98 200
-850 416
430 -556
499 -275
339 -440
133 200
818 769
957 875
817 -355
-419 117
-909 427
786 545
602 800
-339 -133
-752 701
585 -192
80 498
409 -614
570 738
904 400
791 -151
870 -334
-121 149
797 -289
-879 -825
571 -463
8 45
-702 275
878 -216
-177 365
-614 387
-300 60
-973 635
832 -236
543 643
-888 233
423 -648
-304 284
581 881
941 567
-795 657
254 48
-55 -81
-728 -724
840 661
31 323
-919 -756
-789 -839
24 141
54 55
-279 236
677 780
97 479
-973 469
-662 670
-925 776
-590 452
867 703
-133 297
-304 395
794 295
-800 176
-53 375
-129 32
653 -468
707 904
-985 -984
-741 381
452 621
-116 4
474 652
805 -739
-144 213
-29 502
294 0
-33 208
300 -44
597 -529
427 632
884 200
242 3
748 -228
683 -229
481 -325
937 -519
974 830
479 -141
-211 398
-193 167
-185 -126
-724 155
112 0
626 290
619 -638
797 -322
941 -534
-957 -686
558 438
517 -370
184 151
-273 192
514 -623
397 -625
699 411
-344 300
968 -397
570 -225
-609 359
-50 359
-873 108
-80 78
-389 137
-569 514
442 -212
-878 679
204 154
-55 402
387 -430
-588 -957
538 700
-893 176
-229 -184
-674 663
557 -497
-807 136
156 355
424 -369
-124 283
283 234
-382 209
-704 -736
721 448
584 -645
954 -222
591 880
462 -491
705 -647
-310 349
853 225
497 807
594 -602
-926 455
-176 -53
333 -443
-654 605
753 -167
921 715
849 -341
-984 512
-762 -979
-734 -917
821 633
-899 317
920 817
710 910
584 -247
458 -182
470 515
-946 412
797 777
233 291
-932 -933
-645 555
734 812
671 -503
625 -78
-199 393
382 -167
991 521
710 -503
423 -587
-957 -766
559 -133
682 -343
279 330
292 67
468 774
970 373
663 379
-856 764
-970 804
82 -101
651 459
822 -409
-689 609
730 593
-283 60
520 -759
918 797
557 -633
752 -323
729 -808
477 726
553 671
152 24
-273 -27
-159 -19
166 316
846 886
612 -129
786 830
661 -511
527 -768
-164 -42
965 798
-665 419
-872 474
739 283
623 -441
-736 256
-115 359
-769 316
420 578
481 -300
107 222
259 136
621 445
312 186
722 298
821 403
566 -402
795 304
329 -278
-905 -703
-972 746
581 711
650 -172
-829 271
853 -292
888 -638
-870 -690
107 391
922 -167
-790 -858
22 509
900 277
-914 474
99 411
36 -90
-873 -768
-380 317
163 -57
-376 76
829 -159
890 293
994 467
689 -308
826 -277
983 -625
680 346
-705 -746
805 200
689 700
772 -123
619 -360
989 -285
767 -441
-378 185
887 -681
589 404
-955 398
418 -706
833 544
-165 -222
-787 494
-90 104
-66 -65
572 -203
631 244
-782 163
642 -649
520 703
-982 705
-871 -744
-648 601
-993 470
312 168
735 -630
452 454
-925 -911
940 258
-153 -38
-714 155
933 567
-999 -909
733 502
580 284
622 -761
887 -197
669 -364
-604 605
744 232
-137 42
-325 -141
772 -702
891 269
226 316
-277 -88
176 352
569 -792
-801 -688
744 -340
-188 298
774 -111
-19 55
-358 346
395 -444
-649 410
-76 286
782 -735
-623 379
894 -509
159 338
565 -445
192 105
-949 730
-718 -992
136 294
-253 395
264 -144
-635 631
199 153
701 882
-960 630
893 -542
387 -313
-885 199
728 -419
581 -684
-79 117
-993 494
775 -370
-947 -923
618 792
643 -785
-31 423
-813 -702
725 344
168 145
989 -229
-862 -760
-968 430
531 319
485 -638
172 343
-325 -139
-880 260
78 -74
919 403
793 842
-985 526
963 -169
510 760
-712 677
566 890
575 539
106 339
587 756
-948 131
711 713
424 -583
-24 204
717 -564
170 199
629 -108
993 706
-916 494
24 49
896 734
-846 -845
-251 396
436 -204
157 -65
-733 358
407 -688
495 -721
450 605
758 820
-623 235
-757 -683
826 407
162 -189
983 -583
185 196
681 -712
505 -107
-665 -872
688 -183
892 366
560 -317
714 236
324 -373
891 -670
-156 -102
-68 308
-723 -692
-51 440
884 329
-927 305
960 -155
-13 387
-377 101
0 -112
384 -394
-211 -32
527 -529
100 -13
-271 388
-905 390
671 951
-134 430
24 93
453 -117
990 -383
-874 432
310 43
-942 180
665 -205
-913 756
-963 396
310 65
554 -668
737 -295
490 558
882 204
967 806
86 324
869 -306
434 -504
644 883
638 -153
607 -768
599 -439
806 -776
-259 163
-667 181
549 597
498 718
-29 463
409 -416
384 -534
703 -107
-563 369
682 -668
-380 211
-298 212
-127 -213
-915 694
541 391
-701 -778
357 -186
-75 -61
-269 -123
764 -603
952 -580
568 653
816 -710
895 -563
-387 89
876 -377
-711 352
578 359
23 120
728 775
760 212
921 -466
796 821
985 581
-631 -972
421 -157
319 112
589 440
451 -95
721 336
-815 586
-266 150
-799 146
619 -135
445 -148
-663 312
-816 577
681 -587
62 -204
-800 464
240 344
-14 90
-970 -771
-791 541
525 -102
-61 -140
-715 270
-913 84
847 409
-223 -230
-613 377
886 711
932 -169
964 542
929 585
-75 -50
58 441
298 -64
617 610
72 355
646 627
59 93
-622 -969
847 315
569 802
-289 221
845 679
661 558
-866 -838
876 -165
-916 -959
-130 -209
-20 -17
-227 40
-981 -611
978 -447
567 -664
839 477
403 -390
151 236
927 759
448 -671
965 574
-721 -976
626 841
793 901
510 -772
921 -335
974 629
-134 103
-28 517
-593 -840
-890 641
507 -546
310 102
-708 342
795 -117
-934 498
-178 92
915 334
-945 344
757 -687
585 802
-50 188
510 -418
998 -470
-320 -120
-846 -631
376 -609
-899 -674
-923 -620
660 -147
819 -557
-206 230
978 293
-69 125
720 631
636 -731
759 -242
861 -465
158 -5
993 360
275 147
-982 794
-931 350
595 -499
569 -422
-969 418
-238 172
435 -374
-203 100
-315 250
100 -237
-362 20
909 439
-817 -886
-145 79
888 539
788 653
204 334
898 647
680 305
475 -222
26 -253
341 -519
756 490
0 506
516 -584
449 575
-194 -147
-976 414
-65 427
-982 691
855 -216
-214 393
-931 -668
789 362
-885 317
27 255
243 -90
-714 394
466 -159
-335 364
881 -96
41 -99
875 -473
-68 -125
342 -312
-111 -6
725 -112
465 -324
-622 240
951 785
918 -182
607 -281
941 529
902 885
-820 397
45 -86
997 771
-932 466
-672 -781
897 -620
361 -585
-806 351
249 320
-1000 -795
-193 217
82 50
-884 288
552 -751
984 440
148 160
777 563
669 273
622 692
-963 -637
13 34
687 -88
-756 -843
768 634
680 -106
235 140
-858 176
869 -120
583 -151
-792 659
915 662
229 236
714 -296
764 -67
-840 156
529 771
-957 -759
-802 -688
124 -105
548 -328
104 72
921 373
-579 -950
-587 278
954 839
-989 238
618 531
-276 105
532 -277
-907 46
703 -239
635 -280
87 200
-639 546
837 -111
-121 -127
570 -190
989 -621
-889 -732
-322 178
-127 273
965 251
-854 814
828 -700
-783 149
798 497
712 -688
-178 252
-893 632
939 -192
-762 -861
-655 -814
-247 -22
-702 281
-591 365
917 839
894 354
736 848
720 -73
696 706
-977 538
-875 452
-764 647
-702 -795
778 -387
843 -91
723 -727
833 218
837 -684
-903 217
583 879
91 107
988 -456
-232 331
711 940
944 288
-54 302
198 134
-368 -97
705 243
-343 300
-622 468
822 -66
483 -159
-624 436
947 -634
-614 618
893 -319
632 506
390 -169
-220 338
-206 -48
-962 771
-960 705
919 331
662 -61
4 222
-978 713
-282 178
-50 290
747 976
169 -216
274 140
683 -450
-197 310
517 -221
748 -448
-411 64
-117 -260
489 -212
-953 -599
533 403
-909 601
-928 415
187 378
-900 595
411 -176
574 -411
707 -456
596 663
718 -111
64 269
-854 257
-740 -919
797 630
-11 -147
-636 328
-197 102
857 403
580 605
384 -585
3 348
-866 529
-915 -746
55 178
-785 696
-246 -93
-885 75
-107 19
573 596
915 689
-862 -668
583 -223
74 44
475 782
-948 430
670 -67
-59 400
-781 634
963 -176
447 -365
-108 497
-90 325
760 -764
-235 -116
-862 -818
472 396
172 274
745 -772
775 -798
471 785
-998 -692
-620 406
-307 257
-143 -35
570 -56
813 322
874 236
186 -3
773 -27
-181 404
182 225
253 307
-26 94
583 -540
955 -673
-714 -951
-118 484
802 -143
273 269
13 -154
-837 -755
982 317
651 699
-873 685
-803 706
865 -483
338 -4
-80 -267
-727 678
-18 215
-680 224
-328 196
458 698
279 9
-601 507
88 391
-816 -866
935 -663
520 -368
-708 736
-995 84
-262 358
83 414
773 337
-70 -34
-960 371
475 -412
695 -391
515 -771
980 -546
800 -670
374 -447
515 -370
82 -76
849 310
879 -356
933 -127
-986 -771
-843 361
125 -199
-922 -753
-673 616
893 551
-916 540
943 -395
675 -202
-981 -969
996 -189
-622 -816
-699 536
-46 65
536 402
-594 -897
-859 291
640 -70
-607 292
638 233
686 936
-719 452
-270 388
592 611
-69 56
728 937
-872 -982
-737 237
-148 -67
896 -724
640 -131
687 -113
465 -115
923 792
311 -438
-96 427
-690 608
-930 386
474 -136
99 -160
18 127
136 1
745 864
-3 -238
503 -123
746 824
-817 351
186 -84
307 -375
250 140
408 -505
309 -429
623 -720
940 793
844 931
-169 61
-888 726
-847 -818
123 208
619 673
837 -318
547 -698
96 379
-963 100
-837 246
-777 -905
484 454
227 393
697 -463
728 899
-154 -109
945 770
-659 226
667 635
-400 281
-842 784
896 -112
-226 -56
783 -736
933 -646
902 796
308 -526
411 -139
-777 296
-966 -694
-19 111
155 239
-230 -8
469 -172
-264 355
939 -404
922 212
527 -322
-645 462
155 372
-960 462
477 -742
898 -687
72 143
609 617
503 564
674 -437
48 -174
519 318
-70 160
637 318
472 -308
793 768
724 -644
-944 260
245 141
462 -711
-879 83
955 866
273 -120
154 453
735 250
-987 109
29 -260
796 -341
-884 -641
717 489
487 -475
873 -684
-824 -826
703 -449
-892 196
119 -40
833 -99
-946 -919
48 220
-918 507
197 205
445 -730
774 -495
380 -452
683 753
337 157
15 215
512 377
-961 469
-29 -94
-221 -159
806 -526
-366 111
848 920
-847 351
-796 619
-991 205
89 -60
-2 344
-11 -215
-114 244
163 286
-165 401
574 -669
658 500
-665 -956
888 -257
901 702
-301 47
-689 -959
121 30
-766 115
-838 178
-938 -651
481 589
-689 -706
357 -545
-1 145
-165 -39
659 552
-662 376
309 298
571 -299
-656 590
670 -701
-850 -682
-791 -917
-19 286
296 -356
732 437
-938 204
896 371
596 -531
-56 -88
904 -685
764 601
-112 -60
726 620
804 -542
334 -294
597 -122
755 853
592 344
611 478
-103 -76
-155 403
682 -707
-703 -919
850 592
-215 130
104 493
-404 -3
436 -518
551 676
-158 250
470 -183
-131 439
125 174
-814 146
83 466
-115 186
-762 601
-219 49
-949 -995
78 92
-853 -865
-994 160
974 -274
-161 -15
955 832
379 -156
604 672
846 -418
700 961
117 -6
-98 155
-840 749
241 372
639 -75
-825 -962
75 -260
566 659
-970 -717
661 289
-936 -971
595 869
-328 308
720 -122
-618 -961
260 73
-79 170
74 63
-583 395
-3 394
644 566
117 -196
794 649
812 493
-748 724
-940 359
988 -600
-21 132
-708 240
-711 -705
-255 110
-138 289
-331 222
-336 241
349 -194
-878 284
-586 -895
432 599
-641 -803
939 -621
-313 387
-952 72
590 380
178 279
-401 22
-153 154
480 474
-794 -773
-239 -62
-243 -20
-46 -225
748 -633
-699 -984
-929 648
959 513
-53 480
60 17
-360 10
-369 339
365 -420
161 -120
491 -377
-103 -221
114 -242
892 -278
632 -265
-984 494
919 -180
977 -367
-909 -826
997 821
117 325
717 223
762 437
312 -504
-583 449
-720 645
559 -170
-730 -857
829 799
-121 -12
-892 -709
891 316
-749 611
801 950
434 656
888 681
335 30
-268 116
966 950
613 -530
688 -650
589 -441
32 215
159 -174
-919 -598
745 -346
-107 131
467 -575
422 -395
-910 123
-576 -938
-692 -984
-103 45
214 345
-186 163
357 -248
-676 366
177 -6
31 -41
-154 -140
-380 -77
855 -736
981 315
-861 -989
554 -212
-911 -831
-743 735
606 -43
-811 267
621 -388
-305 327
672 543
673 920
-290 -69
-837 593
992 686
-188 253
-268 -186
704 -322
-355 32
712 907
-870 -964
736 861
547 -579
332 -280
-851 -749
-215 -40
885 902
967 334
552 -416
671 -39
27 446
-625 429
-26 -5
793 838
494 -664
806 561
-260 213
599 -578
491 -168
-39 325
673 559
-899 495
-679 -906
665 357
-657 668
541 -276
457 489
543 -45
949 -315
637 674
253 170
90 125
-930 522
84 -20
970 273
-988 343
-6 333
-760 675
-248 -45
-225 226
-862 481
905 251
466 -390
273 148
638 335
832 -589
-696 -851
117 419
-576 -885
952 750
789 -411
-822 646
494 -307
540 852
655 602
-670 -903
-2 90
200 164
906 332
474 603
-636 -921
-952 769
-392 64
-851 83
894 -657
-851 251
267 -22
-130 345
-395 206
876 -116
-764 640
833 677
-752 355
-906 306
530 -207
791 879
-906 354
389 -244
130 77
-712 544
353 -323
-166 127
677 -115
-672 293
-158 -200
509 -459
501 -658
-325 339
-957 -887
941 667
736 859
503 548
-242 318
-613 291
870 856
562 -151
571 366
61 15
552 -142
-164 236
-246 148
796 -515
928 491
624 310
631 -388
982 680
567 830
-9 107
21 288
219 224
255 81
621 638
-631 202
815 784
900 -390
162 -99
557 -705
-363 340
724 -240
300 176
-129 346
956 374
-742 -922
519 392
-89 432
937 753
231 -167
-921 231
-662 -997
-922 333
-182 426
-816 -680
809 223
214 -176
-873 -791
842 956
864 467
730 -339
-27 492
667 797
676 -806
-617 -937
583 907
767 191
-611 452
784 -496
810 831
-744 -951
708 343
643 -660
481 418
562 519
695 677
64 -247
659 -374
879 -134
-77 -108
75 382
-272 115
-911 -976
831 -699
522 -141
393 -338
597 -578
-999 827
956 309
-847 113
715 -677
504 712
-639 673
977 428
560 -559
463 -619
-625 391
358 -210
502 -531
636 473
572 687
-789 -720
-93 -203
-769 202
29 -4
968 -555
564 724
-807 -893
898 414
885 261
673 -662
-148 463
-66 355
536 720
-963 -638
592 -47
486 -150
-15 501
105 448
639 -260
808 866
-808 -848
613 -102
-787 117
-111 103
645 -740
-107 75
716 -124
149 265
596 -680
-904 -919
-396 158
-11 -137
530 -645
692 791
-610 458
877 265
-990 520
-35 198
-988 472
-235 278
-214 337
447 600
-954 614
-574 -949
466 518
727 617
-410 196
-808 -739
-349 343
593 -529
741 634
-729 752
-844 651
821 600
530 604
757 582
-851 -926
-330 383
-370 235
-690 -847
-897 -810
738 549
-827 514
-616 -774
846 677
510 433
243 -148
920 328
428 -532
820 -683
-60 129
-80 81
-818 578
680 318
264 -68
-754 -928
-74 333
-240 187
444 654
-356 -39
488 -92
556 706
872 -95
464 -85
623 -722
-46 -80
-112 325
243 75
-744 247
-29 -41
70 419
546 632
979 262
-961 736
-20 337
290 -443
753 465
688 951
574 869
928 -512
228 -30
32 495
-303 -95
544 428
559 388
-1 -213
820 726
240 271
-746 662
814 373
520 552
93 181
-11 167
570 412
932 453
-784 122
588 -384
486 477
780 564
-741 -884
789 203
773 313
665 417
785 -634
-351 201
-172 -99
-787 699
-914 217
-766 -979
-616 326
-257 422
694 -99
721 970
154 -214
-149 370
-690 621
-955 -698
111 14
736 -564
-846 495
-125 -238
-965 358
-985 95
-578 -994
626 -710
-310 273
-814 632
595 739
-234 365
-742 244
413 -361
-930 780
-775 138
-983 -820
915 819
483 -494
-893 381
430 -219
784 -547
984 668
248 156
610 -353
-372 30
223 240
671 -395
-29 -76
645 -804
-302 326
551 317
-843 681
-9 151
-563 465
-801 -625
739 520
916 279
-604 -869
901 -585
149 -3
767 308
872 -197
-756 487
37 -45
540 773
295 -63
474 780
-925 -965
941 -421
684 730
-708 -761
406 -235
924 -493
740 764
721 -413
987 -359
334 142
-287 45
989 675
98 -226
-595 467
-711 196
760 -130
-620 -768
411 -612
83 -56
487 -523
-900 -716
975 -178
-26 -29
888 -283
-990 -1000
714 711
650 -56
981 857
-662 -793
811 -305
-926 499
-633 -916
-231 148
964 383
-579 -869
-907 -911
418 -240
-838 243
91 61
791 -612
820 527
691 -34
479 -363
519 455
405 -412
776 -268
-857 -951
834 354
779 785
224 -126
209 21
651 -706
-940 644
864 -597
-887 -970
-161 -258
686 -223
725 398
797 830
531 -219
534 822
-750 656
-205 286
59 -198
688 776
-925 -812
-412 110
-897 -835
-20 -235
818 723
720 -250
623 663
106 -26
231 305
781 576
830 -477
497 816
689 -97
616 286
-821 -831
-721 626
-185 329
254 16
308 305
-209 391
620 766
769 301
580 -625
645 -546
7 313
-295 388
-663 439
-776 -929
498 -135
-973 -599
-288 64
870 -611
-237 133
635 -174
619 -186
-754 699
-701 414
-749 432
-630 -957
-866 749
-705 690
759 532
-99 321
225 -129
-695 274
-118 376
780 -187
-79 277
-238 -225
-803 787
-746 -940
-766 -783
644 758
-745 730
-977 -879
464 422
638 235
426 644
886 210
512 769
542 367
688 789
-780 596
95 243
931 630
786 -230
278 35
-205 170
22 512
-929 -620
-926 333
-865 482
462 -249
-911 -992
575 378
-806 677
520 -529
-73 -144
-950 -648
809 -336
-944 335
990 -271
847 -348
71 100
-986 386
763 254
-236 379
-4 -114
936 661
750 251
920 -466
-616 -852
471 698
-315 -1
390 -249
-154 218
-719 556
322 166
446 -537
867 383
784 -504
-13 509
761 923
666 -699
506 -542
-783 491
366 -251
88 135
954 -632
761 -612
-796 613
722 -29
134 -68
747 430
-652 -784
915 307
-16 11
862 -740
238 -133
-855 253
-335 6
-81 465
792 -605
916 -696
654 -516
-663 357
982 -180
357 -210
685 -372
426 560
-858 678
816 -554
170 21
779 577
514 345
858 256
500 -288
443 -108
-900 101
113 203
418 -413
818 613
832 347
437 -383
869 253
-790 374
590 -460
675 -421
340 162
49 -268
-683 374
-641 333
901 519
337 24
374 -321
-348 -5
327 -320
-882 397
812 -133
790 -590
576 825
913 -510
457 -307
-962 148
-999 591
920 810
991 459
-274 196
-795 382
-418 31
530 -405
-288 -175
848 -418
-294 16
634 -647
-815 667
51 451
949 -569
993 570
889 745
707 693
-682 -998
746 -37
-954 227
-605 422
501 -586
-70 56
565 -250
-383 101
-787 -721
-647 -801
7 411
892 -187
680 -696
130 88
960 -496
791 394
624 -655
-768 444
115 194
-674 578
-860 415
40 -163
671 820
714 -252
483 -82
753 -208
-77 238
228 -90
556 -77
-904 641
905 694
47 -92
749 -322
195 -48
369 -302
-299 89
-246 161
-319 328
470 418
941 932
170 94
685 618
625 663
853 -356
924 -611
740 -380
625 811
705 -807
-95 36
857 -167
865 785
-853 -622
869 374
-113 178
812 -494
941 268
446 479
329 -302
624 394
701 -670
618 -433
-988 636
600 -422
760 -229
182 204
422 -469
619 -437
780 -467
581 331
-784 -759
-982 710
608 380
-729 670
688 -618
-837 328
349 -369
-606 -803
-633 324
821 430
943 -504
886 265
-601 449
-706 411
731 -602
-636 -897
339 164
875 -566
786 893
400 -418
290 223
590 279
-240 -35
-660 690
664 450
90 99
-163 202
-898 194
189 32
988 591
888 490
679 856
641 -345
539 471
957 -222
-203 -171
-705 549
70 -25
89 183
819 273
856 -582
102 262
606 -35
-869 -819
725 808
-713 430
819 -517
-301 30
-3 -247
713 528
-736 590
982 898
-164 191
178 -98
-881 198
-687 602
828 -433
-49 346
-135 209
786 490
545 -279
862 709
867 -222
644 -87
628 -786
-814 -630
830 -531
951 -595
16 -57
-572 -975
491 -697
-865 165
540 846
526 480
734 972
-2 459
836 -210
-144 146
-983 -937
548 -758
817 -453
-714 169
-881 -705
831 399
511 -204
-842 -791
-205 326
-174 335
131 417
719 -762
810 557
712 590
701 -53
-766 -840
17 52
990 713
-130 377
779 613
731 585
-722 -926
284 -55
50 -52
483 716
3 465
-667 582
-721 448
767 -60
583 -756
-892 102
-766 226
894 592
-797 195
-776 -827
620 397
452 -184
513 -615
585 508
346 -439
557 -672
333 17
-721 566
161 -155
895 330
-55 431
-714 407
-849 92
-192 442
688 894
780 661
-98 178
818 -168
499 -340
-272 149
67 103
757 -45
-680 392
-952 -872
783 966
754 -299
-29 -79
975 -393
-954 132
552 840
806 -148
35 -80
618 -611
463 -693
814 -522
-668 410
553 791
487 -657
864 213
649 568
-977 -913
996 247
-811 453
751 698
648 -208
-819 365
198 204
677 833
665 -394
-326 30
833 -498
-43 397
387 -389
978 -495
509 630
-135 -211
833 -354
593 -362
720 -632
-967 803
104 484
-328 -8
-188 161
977 -146
340 51
834 -304
-951 -662
460 696
592 -739
6 -55
951 884
346 211
-126 -220
839 509
683 -459
-632 236
483 -249
719 537
-263 -81
282 331
780 196
699 217
-907 265
950 829
699 -211
540 -543
-785 600
191 305
-734 649
827 712
493 786
664 -437
356 -370
-870 201
-99 486
150 -149
-920 396
498 -360
489 -397
-972 732
683 786
869 777
-954 731
535 -355
-955 -863
-715 -916
576 -450
-4 318
802 -778
184 142
-357 262
-890 -793
728 -614
-353 -79
548 404
996 459
693 391
781 -93
-299 345
702 627
751 -570
-938 240
476 -275
697 643
527 -764
-809 390
-853 -644
-935 328
620 562
898 591
780 881
-594 501
515 644
-367 93
558 -101
-946 292
352 -283
-886 -613
888 434
542 -167
-773 289
484 -556
189 -90
-131 -218
-197 211
-402 233
819 636
-589 474
111 190
550 412
-973 51
-879 283
295 60
-727 235
680 562
-333 -2
-95 87
-153 272
-133 73
803 -139
871 839
-100 474
-985 439
783 -84
-988 614
-805 294
972 833
-226 263
217 99
504 -622
93 402
681 714
-913 -743
-998 548
519 563
886 -504
666 530
965 615
564 -402
-673 378
347 -580
611 -35
877 766
-980 -748
518 -546
-304 192
552 673
89 478
205 12
830 -161
804 593
-110 -143
-973 -819
-156 -141
-77 19
642 -589
122 -33
-978 462
486 -128
676 233
59 427
508 603
-743 -693
-848 124
855 846
-163 318
707 393
-785 462
47 366
947 341
-983 830
515 -563
-82 -186
-18 184
987 401
350 -320
-943 -997
919 651
-158 60
693 -134
6 378
549 -42
-901 170
-219 -192
-9 371
-38 -190
247 19
-997 366
-691 -934
-100 467
216 247
525 -616
-589 369
-171 335
-901 194
201 128
-374 235
-887 -613
-756 -916
226 209
108 242
251 -97
737 -343
570 -440
748 432
514 -719
-155 302
-270 79
856 -489
159 297
-851 586
823 310
938 -482
576 -670
478 -754
771 -548
547 -369
677 -364
49 411
-308 68
-796 397
-666 229
-921 189
-858 303
-36 -256
595 572
-695 319
670 -179
799 601
-3 -61
-798 170
82 -164
959 569
80 255
-986 793
-15 185
532 -97
235 -24
66 47
-931 37
719 268
-836 -649
-699 269
518 -106
-921 426
-288 38
610 654
922 -364
-927 830
833 -678
544 -212
732 285
540 413
-70 50
207 -98
152 -128
718 -797
39 412
-729 -883
-656 -893
-330 109
-142 -258
-975 125
527 -464
-676 358
-824 -729
426 549
-165 -163
764 921
-369 17
500 553
-740 661
-609 568
543 425
238 244
-121 256
-252 213
948 361
868 725
-937 245
-234 220
538 -68
619 825
53 272
869 697
523 -228
174 -200
825 783
-938 113
-610 560
-850 759
22 370
400 -289
826 560
21 469
855 -75
-959 148
-205 229
-909 812
-125 -143
915 516
-33 199
-825 240
768 865
805 581
-906 148
545 565
867 -706
-901 181
636 726
497 -377
-164 338
-90 15
997 321
748 608
-394 154
784 289
916 663
-54 268
692 -694
-972 -746
438 -369
284 10
761 711
163 -38
915 -141
756 -402
-4 -202
499 551
415 -627
847 -708
-974 614
824 -679
-187 203
837 -691
453 -325
743 334
191 56
587 -100
690 456
552 -235
328 -274
944 245
211 169
565 -505
913 -93
-894 630
-992 508
760 395
702 -391
-976 -955
527 -232
-862 62
540 -182
896 -168
-42 151
602 789
780 -438
849 -489
825 -753
-29 240
-185 -58
-843 -930
653 718
-855 305
581 531
-995 151
-671 699
337 -453
619 933
-367 56
278 144
-833 -802
-728 -961
-226 233
28 -20
-298 370
581 433
801 -595
-302 337
46 -270
-119 460
914 237
-185 -216
-154 465
-784 700
592 -799
-104 310
133 363
714 382
511 -190
511 -691
-335 63
-823 -662
678 -278
900 926
-610 293
-982 781
554 550
746 -438
-167 242
-14 -219
881 -99
637 478
79 -128
499 690
567 -344
694 -583
888 710
692 -245
-928 170
-774 -704
652 -17
845 927
589 -77
639 -695
817 763
-580 449
856 -591
727 -649
792 -392
983 549
272 81
885 494
754 942
-898 -955
-849 751
-264 93
-97 -242
-741 -849
273 176
-691 -812
752 429
788 -796
717 -701
-836 57
378 -377
12 -208
-817 698
602 572
-565 -905
-256 100
560 -85
-371 -20
-267 -77
-860 -651
642 -657
-611 504
789 971
179 371
240 229
498 -469
-251 335
219 32
-685 518
-870 662
123 10
755 238
824 -545
-271 169
561 611
625 289
121 313
658 -338
-75 -256
-398 141
205 -162
730 960
823 311
285 77
424 -200
325 57
-84 363
357 -567
-214 73
782 -75
-611 587
601 -43
682 527
690 369
219 -77
801 231
-741 598
-8 375
678 -691
198 273
-47 497
-348 31
-184 423
-399 275
653 -652
-420 110
817 265
-780 -854
693 -594
-723 721
943 -369
57 91
-999 -827
-911 458
-999 137
-965 778
582 904
-171 290
814 732
836 889
-27 -194
659 410
-642 670
-941 818
-608 -803
933 361
777 -694
720 -211
808 443
-2 -269
992 -173
-931 692
228 47
-832 643
518 447
726 439
533 -120
916 -256
-811 -994
-602 -825
-370 256
-384 10
423 554
-117 248
694 309
855 535
-843 -992
690 277
895 -660
-950 355
697 -256
347 100
526 386
978 -290
543 -616
-913 -763
-714 562
-354 42
-81 -221
136 54
618 587
-783 182
903 -579
-94 273
116 271
38 312
530 -155
589 320
-796 553
-309 191
39 25
-778 121
-288 93
811 330
-655 594
386 -397
504 -187
101 242
-561 411
-229 108
795 -636
20 -185
322 -412
-903 -758
101 61
185 249
820 887
770 925
-164 206
776 496
-593 -998
681 -450
587 -608
-2 -191
-975 746
761 -554
-288 -45
-977 -824
-915 248
-59 5
-113 495
-982 83
-880 87
671 643
-908 803
818 190
-716 -956
-775 188
549 -288
-831 285
-698 269
-416 210
713 -625
-748 248
839 584
-286 191
663 -572
16 -4
871 -741
65 -21
-716 -746
-186 145
69 -95
954 -227
659 -237
-742 -647
-879 -757
-982 -676
-954 638
599 382
-814 -617
523 -122
881 722
-245 -23
-976 240
659 771
-845 -828
-768 -864
994 624
985 877
12 59
213 -64
-317 291
121 101
-836 -685
-943 716
863 -133
-161 166
476 -750
-116 28
524 314
-786 293
113 233
-723 703
643 -70
-858 268
480 -476
566 513
804 -67
869 -228
-164 -21
290 170
-843 -676
-681 453
-307 142
403 -142
765 -708
-984 -833
-83 384
604 649
-730 230
901 843
-8 342
-908 171
-800 105
-262 448
-995 195
62 245
243 192
915 -125
735 -190
-52 -141
-92 -214
593 550
-644 228
562 -252
-49 -212
-895 446
-385 291
713 781
492 -80
689 -495
771 -213
407 -686
718 406
220 -103
-811 -703
-22 -148
459 689
693 -498
147 107
556 629
718 319
741 468
100 259
668 384
913 -533
-936 465
950 -554
538 -207
-770 -844
818 -776
232 289
22 -188
657 478
592 -418
340 -340
696 -184
-46 -139
621 -412
-616 -907
647 694
492 797
-862 206
-253 8
-794 433
112 248
615 -83
436 -375
823 -250
-423 207
95 198
-844 230
820 -481
171 370
964 686
533 -677
695 -216
-921 370
-134 217
671 826
90 -172
635 -728
-350 47
892 -502
31 489
948 283
-691 -734
366 -243
134 82
-888 676
863 -630
696 -380
245 323
-793 202
841 502
-35 359
809 542
62 500
-699 -911
-916 327
-30 380
-236 -59
900 -164
-197 238
499 -92
-102 -71
-626 238
699 -392
602 454
-195 293
844 525
-950 -895
-838 125
-799 645
-762 -821
937 944
-751 -816
-983 97
-854 795
859 373
-811 -992
-634 655
231 60
876 354
-921 -907
835 935
420 -231
256 339
-60 29
838 -122
116 -50
-997 471
525 -339
966 444
702 -548
-676 519
-997 179
-1000 369
-86 243
745 -91
998 410
-59 33
51 115
-388 175
172 -72
445 -280
164 -174
750 353
469 526
-655 494
-127 44
234 362
-48 -196
-221 421
625 363
-975 461
577 -151
978 936
758 367
712 621
-324 105
301 -301
682 735
-780 622
22 -106
-717 -990
745 271
-303 319
-954 581
773 -275
348 -359
911 895
648 -375
554 767
-154 -111
560 642
555 -524
681 -474
163 393
985 642
855 324
802 -224
-869 670
546 733
565 429
-86 204
-164 201
527 595
986 -288
642 -209
-206 -121
524 -207
740 434
29 294
141 -25
857 -671
-164 -255
376 -579
351 -258
605 -569
679 -491
-781 747
-975 60
708 624
944 278
-328 -97
-404 49
260 -118
-170 448
-960 57
-819 553
714 -735
710 -115
112 302
-880 -649
-742 724
278 -67
716 691
687 -52
-802 410
-980 -713
930 -608
627 752
139 -177
-87 -89
-207 -53
-843 449
852 766
-44 101
-960 650
830 482
-276 401
-601 485
733 -263
924 -418
334 -458
-750 104
-49 139
-621 466
632 -671
831 -362
-721 -928
-201 151
-234 21
-58 57
236 -30
858 -349
-839 615
-892 -634
14 -85
459 -353
384 -334
-922 146
974 420
646 491
-906 -809
821 507
608 -685
400 -510
834 700
-299 315
-782 182
682 -451
636 -226
799 788
662 -138
-981 699
225 21
128 -68
860 -514
956 -449
535 -603
-53 -97
591 -428
541 870
885 -746
-71 498
829 -534
25 3
-176 429
-724 333
757 -129
-120 366
-241 324
-175 467
681 267
573 855
620 -624
729 -585
848 393
665 -38
473 -507
479 -159
507 373
-680 324
109 3
988 -324
-974 605
-773 -833
495 538
970 714
930 494
509 -146
462 -642
736 -595
-799 356
-663 636
229 223
682 437
70 341
388 -620
878 901
657 -322
-274 233
80 -242
123 349
-146 95
940 -247
770 -385
62 300
-236 -88
-920 358
93 -187
-903 456
15 43
776 447
564 475
915 676
839 -379
734 196
-684 158
-866 -859
-962 601
910 -138
-718 194
-831 578
-788 528
-623 -905
-810 716
641 -568
-84 4
867 214
206 244
784 200
701 955
582 -358
689 -687
949 710
-913 215
383 -377
-666 274
28 -15
961 -316
706 859
724 -558
165 -156
-810 -611
379 -382
496 590
661 -648
-918 -688
358 -335
-128 -91
-984 137
-835 -856
536 -596
542 -387
-276 313
-174 309
691 -365
674 -366
941 914

